======================================
>> Iteration 1 <<
======================================
Camera 0.C:
[1, 0, 0, 0;
  0, 1, 0, 0;
  0, 0, 1, 0]
Camera 0.t:
[0; 0; 0]

Camera 1.C:
[0.9860299810796793, -0.07402146566583598, 0.1492169528997586, -0.8034275486064079;
  0.07535650850287207, 0.9971511784009693, -0.003305153523632923, 0.02013038327245867;
  -0.1485472081133263, 0.01450344904633652, 0.9887989567791303, 0.01882514593789439]
Camera 1.t:
[-0.8034275486064079; 0.02013038327245867; 0.01882514593789439]



======================================
>> Iteration 2 <<
======================================
Camera 0.C:
[1, 0, 0, 0;
  0, 1, 0, 0;
  0, 0, 1, 0]
Camera 0.t:
[0; 0; 0]

Camera 1.C:
[0.9838928375582338, -0.07155733644482383, 0.1638121845362221, -0.8827855074160397;
  0.0728595968488656, 0.997340306264544, -0.001947471993776965, 0.01457192073473657;
  -0.1632371383865441, 0.01385139347026351, 0.9864896226267685, 0.02838511955755817]
Camera 1.t:
[-0.8827855074160397; 0.01457192073473657; 0.02838511955755817]

Camera 2.C:
[0.9443588722338981, -0.1239169759774226, 0.3046816428630563, -1.65241911818121;
  0.1228396040497879, 0.992165000548911, 0.02278252318490508, -0.09991503786344846;
  -0.3051176037366763, 0.0159120944689971, 0.9521817332524283, 0.2206531162380495]
Camera 2.t:
[-1.65241911818121; -0.09991503786344846; 0.2206531162380495]



======================================
>> Iteration 3 <<
======================================
Camera 0.C:
[1, 0, 0, 0;
  0, 1, 0, 0;
  0, 0, 1, 0]
Camera 0.t:
[0; 0; 0]

Camera 1.C:
[0.9825774352533654, -0.07154181622380799, 0.1715323650577853, -0.9286375816591699;
  0.07333054383417552, 0.9972992383502648, -0.00410615720177969, 0.02516954822711217;
  -0.1707753350806331, 0.01661317902692155, 0.9851699280889145, 0.03386470649122281]
Camera 1.t:
[-0.9286375816591699; 0.02516954822711217; 0.03386470649122281]

Camera 2.C:
[0.9411300437930568, -0.1248096653660526, 0.3141604496133992, -1.711617374884428;
  0.1244400279995684, 0.9919981346506905, 0.02131619762098943, -0.09514001951420641;
  -0.3143070474894666, 0.01903282114570514, 0.9491305661592033, 0.2225733655548418]
Camera 2.t:
[-1.711617374884428; -0.09514001951420641; 0.2225733655548418]

Camera 3.C:
[0.8829893777003949, -0.1744448144593727, 0.4357737550340823, -2.381883409002078;
  0.1750115184533843, 0.9837856520617585, 0.03920152045598836, -0.1825774902828772;
  -0.4355464697100759, 0.04165090041830544, 0.8992021325694432, 0.4938226623328706]
Camera 3.t:
[-2.381883409002078; -0.1825774902828772; 0.4938226623328706]



======================================
>> Iteration 4 <<
======================================
Camera 0.C:
[1, 0, 0, 0;
  0, 1, 0, 0;
  0, 0, 1, 0]
Camera 0.t:
[0; 0; 0]

Camera 1.C:
[0.9814509909374045, -0.07161195840173915, 0.1778361037637021, -0.9619834885511958;
  0.07384419477220316, 0.9972520014691986, -0.005956548003872545, 0.03459852521320943;
  -0.1769208503439647, 0.01897822382482348, 0.9840420924604919, 0.040750016841482]
Camera 1.t:
[-0.9619834885511958; 0.03459852521320943; 0.040750016841482]

Camera 2.C:
[0.93751325683367, -0.1245826427292409, 0.3248816067303954, -1.767527221261334;
  0.1246373321190006, 0.9919857706176212, 0.02073080641032082, -0.09247929916704306;
  -0.3248606296604483, 0.02105697088288262, 0.9455274587624912, 0.234082890969025]
Camera 2.t:
[-1.767527221261334; -0.09247929916704306; 0.234082890969025]

Camera 3.C:
[0.8767715057905833, -0.1746354466732447, 0.4480783273033293, -2.445106212944103;
  0.1780342456107529, 0.983404883180281, 0.03490906940879349, -0.1635552956685295;
  -0.4467387760464982, 0.04916600962468039, 0.8933124702331556, 0.5007767699183109]
Camera 3.t:
[-2.445106212944103; -0.1635552956685295; 0.5007767699183109]

Camera 4.C:
[0.7783291692563535, -0.2245360232405501, 0.5863337603720542, -3.214351207556163;
  0.2299027739212873, 0.9709298974162072, 0.06663219076880868, -0.3249358503126429;
  -0.5842503049447316, 0.0829379802664169, 0.8073245150503703, 0.9676427088540939]
Camera 4.t:
[-3.214351207556163; -0.3249358503126429; 0.9676427088540939]



======================================
>> Iteration 5 <<
======================================
Camera 0.C:
[1, 0, 0, 0;
  0, 1, 0, 0;
  0, 0, 1, 0]
Camera 0.t:
[0; 0; 0]

Camera 1.C:
[0.9810777694231258, -0.0719684376081503, 0.1797413539839564, -0.9706789863943912;
  0.07448315935446059, 0.9971957536690541, -0.007272402421839809, 0.04115363313706892;
  -0.1787139315115701, 0.02052249625773948, 0.9836870222947077, 0.04392041109538179]
Camera 1.t:
[-0.9706789863943912; 0.04115363313706892; 0.04392041109538179]

Camera 2.C:
[0.9360942202021841, -0.1247633981705684, 0.3288794693820168, -1.785591193488515;
  0.1254774761457653, 0.9919117759906557, 0.01914240400660827, -0.08449883292566124;
  -0.3286076899345991, 0.02334787202285284, 0.9441778767731485, 0.2410255459768555]
Camera 2.t:
[-1.785591193488515; -0.08449883292566124; 0.2410255459768555]

Camera 3.C:
[0.8742336137369351, -0.1747099828899428, 0.4529812473944759, -2.466463656289706;
  0.1799790868379236, 0.9831549729284781, 0.03184065808036558, -0.1489011932194711;
  -0.4509136468476493, 0.05369097768340116, 0.8909512680287031, 0.5080565505863527]
Camera 3.t:
[-2.466463656289706; -0.1489011932194711; 0.5080565505863527]

Camera 4.C:
[0.7754398548356152, -0.2241592774682325, 0.5902928509286217, -3.22991306056702;
  0.2317391930256799, 0.9706587693610881, 0.06417553956317543, -0.3139409384606338;
  -0.5873584748246395, 0.08702971784016073, 0.8046339852779866, 0.9691767562131451]
Camera 4.t:
[-3.22991306056702; -0.3139409384606338; 0.9691767562131451]

Camera 5.C:
[0.6588242944493744, -0.2632217472995517, 0.70474453583682, -3.86918163967026;
  0.2687787982516245, 0.9573190794040191, 0.1062926988059568, -0.5272116628672287;
  -0.7026439401672061, 0.119392177120665, 0.7014534919641439, 1.53870066904538]
Camera 5.t:
[-3.86918163967026; -0.5272116628672287; 1.53870066904538]



======================================
>> Iteration 6 <<
======================================
Camera 0.C:
[1, 0, 0, 0;
  0, 1, 0, 0;
  0, 0, 1, 0]
Camera 0.t:
[0; 0; 0]

Camera 1.C:
[0.9807351953501911, -0.07209354395352247, 0.1815516387192472, -0.9796878047118935;
  0.07480702402564798, 0.99716485493514, -0.008133955901491848, 0.04546475680375955;
  -0.1804505077794149, 0.02155859462958597, 0.9833477722757846, 0.04579192910129984]
Camera 1.t:
[-0.9796878047118935; 0.04546475680375955; 0.04579192910129984]

Camera 2.C:
[0.9353189635981165, -0.1251676346588357, 0.3309252174852462, -1.795674854922021;
  0.1265059512550313, 0.9918099798278642, 0.01758431718637796, -0.07715882904662667;
  -0.3304159206678833, 0.02541706410590558, 0.9434931331077251, 0.2418654676165561]
Camera 2.t:
[-1.795674854922021; -0.07715882904662667; 0.2418654676165561]

Camera 3.C:
[0.8729667882300292, -0.1750561920763495, 0.4552848737472788, -2.477756390616591;
  0.1817685622561774, 0.9829017563623621, 0.02939944072777507, -0.1374948967971976;
  -0.4526468561943953, 0.05709174157014326, 0.8898603017450651, 0.5080919991495349]
Camera 3.t:
[-2.477756390616591; -0.1374948967971976; 0.5080919991495349]

Camera 4.C:
[0.7737582707034573, -0.2240507732853574, 0.5925364035299678, -3.240349850354937;
  0.233861226316034, 0.9703220805866202, 0.0615141183145238, -0.3019688292812536;
  -0.5887334416728476, 0.09097423215551681, 0.8031915236976533, 0.9662447653632855]
Camera 4.t:
[-3.240349850354937; -0.3019688292812536; 0.9662447653632855]

Camera 5.C:
[0.6582821373671197, -0.2631903012691679, 0.7052627120025709, -3.870948256110065;
  0.2706408805307508, 0.956989852547611, 0.1045176344280792, -0.519805218976749;
  -0.7024372864597354, 0.1220708295980099, 0.7011993804563272, 1.529672181961836]
Camera 5.t:
[-3.870948256110065; -0.519805218976749; 1.529672181961836]

Camera 6.C:
[0.4712705014625336, -0.2990976736491252, 0.829725675189658, -4.573599019920804;
  0.3105907540645206, 0.9367629315893316, 0.1612718000451223, -0.8174504719331674;
  -0.8254922761243044, 0.1817024810448191, 0.534365708519243, 2.430057038451367]
Camera 6.t:
[-4.573599019920804; -0.8174504719331674; 2.430057038451367]



======================================
>> Iteration 7 <<
======================================
Camera 0.C:
[1, 0, 0, 0;
  0, 1, 0, 0;
  0, 0, 1, 0]
Camera 0.t:
[0; 0; 0]

Camera 1.C:
[0.9879301793165721, -0.08985706168174444, 0.1261731717182734, -0.7176055674304781;
  0.09221361841538013, 0.9956550296955424, -0.01295030581535554, 0.05232462238903978;
  -0.1244612766054904, 0.02442888265745571, 0.9919236968224118, -0.1891791625227726]
Camera 1.t:
[-0.7176055674304781; 0.05232462238903978; -0.1891791625227726]

Camera 2.C:
[0.9646078451513435, -0.1594325830262463, 0.2100308466441559, -1.205746471985963;
  0.1645958746199693, 0.9863346583088409, -0.007220794753307145, 0.01158723672239147;
  -0.2060094734000579, 0.04153544616783525, 0.9776680947955035, -0.2402926606716636]
Camera 2.t:
[-1.205746471985963; 0.01158723672239147; -0.2402926606716636]

Camera 3.C:
[0.9359023394290698, -0.218435339995488, 0.2763563158175509, -1.594504847809049;
  0.2311243674063752, 0.9728265228139152, -0.01378707005820651, 0.03657687257734976;
  -0.2658351704387462, 0.0767760297934358, 0.9609563483358441, -0.2152666763473086]
Camera 3.t:
[-1.594504847809049; 0.03657687257734976; -0.2152666763473086]

Camera 4.C:
[0.8898711403376497, -0.2752677682662627, 0.3638090286783466, -2.105839365577799;
  0.2931609190615206, 0.9560423517759711, 0.006300567091529506, -0.06890276321923496;
  -0.3495511824170754, 0.10104789638771, 0.931452249718923, -0.03963586124322511]
Camera 4.t:
[-2.105839365577799; -0.06890276321923496; -0.03963586124322511]

Camera 5.C:
[0.8307393556196329, -0.3279563813789103, 0.4497963260605049, -2.607807474665861;
  0.3415877973225395, 0.9383386163462032, 0.05327680352487942, -0.3021086361635497;
  -0.4395337299286745, 0.1093857988330465, 0.8915407154295554, 0.2922261416911285]
Camera 5.t:
[-2.607807474665861; -0.3021086361635497; 0.2922261416911285]

Camera 6.C:
[0.7285222977243243, -0.4030505287484934, 0.5539002915634101, -3.236484933619932;
  0.3909950907527509, 0.9085959918971621, 0.1468882654117073, -0.7617709077556419;
  -0.5624749778663216, 0.1095609181413334, 0.8195232177859935, 0.9648737777748269]
Camera 6.t:
[-3.236484933619932; -0.7617709077556419; 0.9648737777748269]

Camera 7.C:
[0.1843605755020759, -0.3675416313823068, 0.9115505073233056, -4.876411781975538;
  0.2423929623722629, 0.9158038210109645, 0.320232748503516, -1.530836807188189;
  -0.9525003044581887, 0.1619151340133154, 0.2579276243144731, 3.903547663403972]
Camera 7.t:
[-4.876411781975538; -1.530836807188189; 3.903547663403972]



======================================
>> Iteration 8 <<
======================================
Camera 0.C:
[1, 0, 0, 0;
  0, 1, 0, 0;
  0, 0, 1, 0]
Camera 0.t:
[0; 0; 0]

Camera 1.C:
[0.9877759986144881, -0.09008628971116665, 0.127212566074373, -0.7229559235498759;
  0.09259437923363002, 0.9956064729144482, -0.01392953786709853, 0.05718316823782937;
  -0.1253987938358646, 0.02553843176328526, 0.9917776620833837, -0.1897800598665866]
Camera 1.t:
[-0.7229559235498759; 0.05718316823782937; -0.1897800598665866]

Camera 2.C:
[0.9643249628897279, -0.159656939930494, 0.2111564052539147, -1.211482812645499;
  0.1650335652741596, 0.9862557294143904, -0.007972360390016482, 0.01518095859850559;
  -0.2069813718203271, 0.04253584052677501, 0.9774197736848054, -0.2422775807802618]
Camera 2.t:
[-1.211482812645499; 0.01518095859850559; -0.2422775807802618]

Camera 3.C:
[0.9353431439168953, -0.218531712964121, 0.2781673840633101, -1.603641813768608;
  0.2316502740162305, 0.9726869431492807, -0.01477366491813097, 0.04120130891993547;
  -0.267341268187056, 0.07825599693234323, 0.9604189946415375, -0.217934046817953]
Camera 3.t:
[-1.603641813768608; 0.04120130891993547; -0.217934046817953]

Camera 4.C:
[0.8889190540191162, -0.2752112793957066, 0.3661716361150028, -2.117461651274208;
  0.2937142575640444, 0.9558779682267631, 0.005407842663915946, -0.06497025383189971;
  -0.3515036988501855, 0.102742695857437, 0.9305316158748097, -0.04329653962464616]
Camera 4.t:
[-2.117461651274208; -0.06497025383189971; -0.04329653962464616]

Camera 5.C:
[0.8290268150822001, -0.3277219368530573, 0.4531146344800002, -2.623544834657573;
  0.342347944031761, 0.9381250369285847, 0.05214691079026394, -0.2974936687652655;
  -0.4421678698095213, 0.1118916761561029, 0.8899257428095267, 0.2871729936294205]
Camera 5.t:
[-2.623544834657573; -0.2974936687652655; 0.2871729936294205]

Camera 6.C:
[0.7265878245811657, -0.4033886237673988, 0.5561903913098943, -3.245573888804064;
  0.3918821746636027, 0.9082323600488036, 0.1467730947452774, -0.7627249173420801;
  -0.5643567084312323, 0.1113175564555051, 0.8179913858186042, 0.9537339019179884]
Camera 6.t:
[-3.245573888804064; -0.7627249173420801; 0.9537339019179884]

Camera 7.C:
[0.1935757133970714, -0.368567821492876, 0.9092228572483264, -4.870324117926609;
  0.2534667843241029, 0.9140770460408069, 0.3165718609505771, -1.522336822796026;
  -0.9477779446828322, 0.1691771700357597, 0.2703628168063761, 3.81671152490967]
Camera 7.t:
[-4.870324117926609; -1.522336822796026; 3.81671152490967]

Camera 8.C:
[0.01012129518706202, -0.3704912950610276, 0.9287807920428476, -5.00799484290273;
  0.3084934932830119, 0.8846782770461974, 0.3495369947868412, -1.726158142044253;
  -0.9511726047283852, 0.2829850639284245, 0.1232482438318895, 4.706548988334692]
Camera 8.t:
[-5.00799484290273; -1.726158142044253; 4.706548988334692]



======================================
>> Iteration 9 <<
======================================
Camera 0.C:
[1, 0, 0, 0;
  0, 1, 0, 0;
  0, 0, 1, 0]
Camera 0.t:
[0; 0; 0]

Camera 1.C:
[0.9878002220526913, -0.09014021611016888, 0.1269860730641982, -0.7221166771097645;
  0.09264398274632825, 0.9956017334104708, -0.01393846802787066, 0.05720762011788828;
  -0.1251711379414275, 0.0255329173749885, 0.9918065619649682, -0.1905022155733311]
Camera 1.t:
[-0.7221166771097645; 0.05720762011788828; -0.1905022155733311]

Camera 2.C:
[0.9643944073144792, -0.1597485679254304, 0.2107695950234013, -1.210013465075911;
  0.1651205943554631, 0.9862407587176683, -0.008022167019992726, 0.01536264372670157;
  -0.2065880356173925, 0.04253893381094789, 0.9775028504561891, -0.2435370134448645]
Camera 2.t:
[-1.210013465075911; 0.01536264372670157; -0.2435370134448645]

Camera 3.C:
[0.9354687968517371, -0.218645152239, 0.277655231391645, -1.601673767747146;
  0.2317492791645225, 0.9726620205877621, -0.01486153803804338, 0.04157528903572198;
  -0.2668152951453264, 0.07824890483908717, 0.9605658265668188, -0.2196691614400882]
Camera 3.t:
[-1.601673767747146; 0.04157528903572198; -0.2196691614400882]

Camera 4.C:
[0.8891375873546337, -0.275347244766795, 0.3655382956032321, -2.115060820288745;
  0.2938353155853389, 0.9558415031795916, 0.005275235941926103, -0.06441993386824639;
  -0.3508491956212034, 0.102717649888972, 0.9307813525921332, -0.04556410344594311]
Camera 4.t:
[-2.115060820288745; -0.06441993386824639; -0.04556410344594311]

Camera 5.C:
[0.8293559744559771, -0.3278969884771819, 0.4523850490254642, -2.620843667117038;
  0.3425175399997712, 0.9380715485397173, 0.05199523644337203, -0.2969393003241302;
  -0.4414186249204738, 0.1118272541373161, 0.8903057131151222, 0.2843920502510696]
Camera 5.t:
[-2.620843667117038; -0.2969393003241302; 0.2843920502510696]

Camera 6.C:
[0.7271258009751975, -0.4036287119382425, 0.5553124638032653, -3.242394923181482;
  0.3921564549270942, 0.9081428944048261, 0.1465939910127249, -0.7621784703113277;
  -0.563472611947725, 0.1111770940486403, 0.8186197342745338, 0.9503094730153628]
Camera 6.t:
[-3.242394923181482; -0.7621784703113277; 0.9503094730153628]

Camera 7.C:
[0.1946069153572222, -0.3693730041869219, 0.9086758125278095, -4.869700025150423;
  0.2540419555182863, 0.9137578939322842, 0.3170318534672516, -1.525157376051987;
  -0.9474127048607653, 0.1691451892734877, 0.2716598454207836, 3.815348285240286]
Camera 7.t:
[-4.869700025150423; -1.525157376051987; 3.815348285240286]

Camera 8.C:
[0.008738803295675167, -0.3710904961866264, 0.9285555863581474, -5.007196351753379;
  0.3042349197644771, 0.8855563055758208, 0.3510429364775851, -1.731037064623229;
  -0.9525569520573884, 0.2794313391423142, 0.1206373896943702, 4.709678398258448]
Camera 8.t:
[-5.007196351753379; -1.731037064623229; 4.7096