======================================
>> Iteration 1 <<
======================================
Camera 0.C:
[1, 0, 0, 0;
  0, 1, 0, 0;
  0, 0, 1, 0]
Camera 0.t:
[0; 0; 0]

Camera 1.C:
[0.9952142875306443, -0.08747627988728667, 0.04354793166102262, 0.03717099424699944;
  0.08759432306176511, 0.9961559037511558, -0.0008062189958376583, 0.4800452899136619;
  -0.04331000418174922, 0.004616912258123518, 0.9990510135418399, 0.8764558384872555]
Camera 1.t:
[0.03717099424699944; 0.4800452899136619; 0.8764558384872555]



======================================
>> Iteration 2 <<
======================================
Number of connections (nonUnique): 0
Camera 0.C:
[1, 0, 0, 0;
  0, 1, 0, 0;
  0, 0, 1, 0]
Camera 0.t:
[0; 0; 0]

Camera 1.C:
[0.9952143066425038, -0.08747518385644676, 0.04354969647840578, 0.03717099424699944;
  0.08759323704126848, 0.9961559991930478, -0.0008062855157125214, 0.4800452899136619;
  -0.04331176143627252, 0.004617085767184006, 0.9990509365594459, 0.8764558384872555]
Camera 1.t:
[0.03717099424699944; 0.4800452899136619; 0.8764558384872555]

Camera 2.C:
[0.9842153966696833, -0.1597369115593729, 0.07618511694426389, -0.08984843181073712;
  0.1599537940658055, 0.9871190327011872, 0.003286189742922619, 0.05138500286524106;
  -0.07572870474458113, 0.008951779965219665, 0.9970882753864686, -0.01883239173096862]
Camera 2.t:
[-0.08984843181073712; 0.05138500286524106; -0.01883239173096862]



======================================
>> Iteration 3 <<
======================================
Number of connections (nonUnique): 0
Camera 0.C:
[1, 0, 0, 0;
  0, 1, 0, 0;
  0, 0, 1, 0]
Camera 0.t:
[0; 0; 0]

Camera 1.C:
[0.9993728927539156, -0.03192205933577787, 0.0153232945685226, 0.03717099424699944;
  0.03192447451432465, 0.9994902802692744, 8.703006091741902e-005, 0.4800452899136619;
  -0.01531826216170991, 0.0004022126431927011, 0.9998825876418365, 0.8764558384872555]
Camera 1.t:
[0.03717099424699944; 0.4800452899136619; 0.8764558384872555]

Camera 2.C:
[0.9842153966696833, -0.1597369115593728, 0.07618511694426387, -0.08984843181073712;
  0.1599537940658055, 0.9871190327011872, 0.00328618974292262, 0.05138500286524106;
  -0.07572870474458111, 0.008951779965219665, 0.9970882753864686, -0.01883239173096862]
Camera 2.t:
[-0.08984843181073712; 0.05138500286524106; -0.01883239173096862]

Camera 3.C:
[0.9693907338925095, -0.1999396870264491, 0.1424981634797702, 0.4215843224668415;
  0.1998130597976609, 0.9797138594434802, 0.0153458381542721, 0.4085291270130004;
  -0.1426756677840973, 0.01359688074987467, 0.9896760978503197, 0.7646549992922014]
Camera 3.t:
[0.4215843224668415; 0.4085291270130004; 0.7646549992922014]



======================================
>> Iteration 4 <<
======================================
Number of connections (nonUnique): 0
Camera 0.C:
[1, 0, 0, 0;
  0, 1, 0, 0;
  0, 0, 1, 0]
Camera 0.t:
[0; 0; 0]

Camera 1.C:
[0.9993783279219561, -0.03178915909553411, 0.0152449022271049, 0.03717099424699944;
  0.03179119592762141, 0.9994945262627715, 0.0001087761451298879, 0.4800452899136619;
  -0.01524065423158581, 0.0003759451515615826, 0.9998837838088166, 0.8764558384872555]
Camera 1.t:
[0.03717099424699944; 0.4800452899136619; 0.8764558384872555]

Camera 2.C:
[0.9842153966696833, -0.1597369115593729, 0.07618511694426389, -0.08984843181073712;
  0.1599537940658055, 0.9871190327011872, 0.003286189742922619, 0.05138500286524106;
  -0.07572870474458113, 0.008951779965219665, 0.9970882753864686, -0.01883239173096862]
Camera 2.t:
[-0.08984843181073712; 0.05138500286524106; -0.01883239173096862]

Camera 3.C:
[0.9842703373286094, -0.1562379255284426, 0.08247189631380011, 0.4215843224668415;
  0.1535057184147418, 0.9873962985453616, 0.03852978111660028, 0.4085291270130004;
  -0.08745225822698569, -0.02526381296415764, 0.995848302848136, 0.7646549992922014]
Camera 3.t:
[0.4215843224668415; 0.4085291270130004; 0.7646549992922014]

Camera 4.C:
[0.9638406926640587, -0.2308086918337001, 0.1331858361046089, 0.937289370331841;
  0.2269930068945983, 0.9729304135398865, 0.04336571491459958, 0.8695833367685921;
  -0.13958973452878