======================================
>> Iteration 1 <<
======================================
Camera 0.C:
[1, 0, 0, 0;
  0, 1, 0, 0;
  0, 0, 1, 0]
Camera 0.t:
[0; 0; 0]

Camera 1.C:
[0.9844485273908612, -0.007538812923210402, 0.1755114332961635, -1.487572395040693;
  0.009089647879638736, 0.9999264150813729, -0.008033848637983497, 0.06004117531954217;
  -0.1754379526196911, 0.009504247588456758, 0.9844446119809831, 0.1272732281486086]
Camera 1.t:
[-1.487572395040693; 0.06004117531954217; 0.1272732281486086]



======================================
>> Iteration 2 <<
======================================
Camera 0.C:
[1, 0, 0, 0;
  0, 1, 0, 0;
  0, 0, 1, 0]
Camera 0.t:
[0; 0; 0]

Camera 1.C:
[0.9860218439394222, -0.01409662883659265, 0.1660186987352482, -1.371977309724038;
  0.01555481488821326, 0.9998509907293511, -0.007486258833911911, 0.05169671528901973;
  -0.1658884293978793, 0.009964004866430436, 0.986094187995714, 0.1043988250368108]
Camera 1.t:
[-1.371977309724038; 0.05169671528901973; 0.1043988250368108]

Camera 2.C:
[0.944919937869543, -0.02583356799227548, 0.3262804587795714, -2.69717143749265;
  0.03020827834770953, 0.9995087714727051, -0.008347195240974117, 0.05978891943514751;
  -0.3259045426745175, 0.01774380212671786, 0.9452361538526769, 0.472640321212789]
Camera 2.t:
[-2.69717143749265; 0.05978891943514751; 0.472640321212789]



======================================
>> Iteration 3 <<
======================================
Camera 0.C:
[1, 0, 0, 0;
  0, 1, 0, 0;
  0, 0, 1, 0]
Camera 0.t:
[0; 0; 0]

Camera 1.C:
[0.9868175706679313, -0.01606177388422035, 0.1610375783496964, -1.32058650644992;
  0.01736913608439884, 0.9998266037277899, -0.006713835702096926, 0.04380597412581393;
  -0.1609018189229819, 0.009422414650464828, 0.9869254393161778, 0.09671708820636335]
Camera 1.t:
[-1.32058650644992; 0.04380597412581393; 0.09671708820636335]

Camera 2.C:
[0.9451884955573193, -0.02639786425647614, 0.3254563882132103, -2.687801818784326;
  0.03021549319535147, 0.9995210847516028, -0.006680202687107162, 0.04132855575539216;
  -0.3251241791024667, 0.01614787601128471, 0.9455334548620008, 0.4699868353715932]
Camera 2.t:
[-2.687801818784326; 0.04132855575539216; 0.4699868353715932]

Camera 3.C:
[0.8713771701807598, -0.02913551927789672, 0.4897478420617886, -4.081334045605679;
  0.04146245171956743, 0.9990371810219298, -0.0143379229025109, 0.07699729245609709;
  -0.4888585607158514, 0.0327998849413091, 0.871746221765637, 1.023759599724019]
Camera 3.t:
[-4.081334045605679; 0.07699729245609709; 1.023759599724019]



======================================
>> Iteration 4 <<
======================================
Camera 0.C:
[1, 0, 0, 0;
  0, 1, 0, 0;
  0, 0, 1, 0]
Camera 0.t:
[0; 0; 0]

Camera 1.C:
[0.9889931866439141, -0.02521506939463713, 0.14579669765581, -1.143355929992485;
  0.02629513378397021, 0.9996391736741703, -0.005485288990103171, 0.03097774099711477;
  -0.1456057784265417, 0.009258657108105486, 0.9892993654892109, 0.07209480805351949]
Camera 1.t:
[-1.143355929992485; 0.03097774099711477; 0.07209480805351949]

Camera 2.C:
[0.9548583158614605, -0.04530941491761018, 0.2935858537975545, -2.318587190320432;
  0.04532853390257724, 0.9989493798712834, 0.006742437913777414, -0.05261911559824949;
  -0.29358290250704, 0.006869743416029579, 0.955908931844943, 0.4585651567114746]
Camera 2.t:
[-2.318587190320432; -0.05261911559824949; 0.4585651567114746]

Camera 3.C:
[0.8864331668089163, -0.05791635752912132, 0.4592188327057972, -3.672460377075596;
  0.05132380079591974, 0.9983214146785849, 0.02683692355709962, -0.2010678015155009;
  -0.4600022915736146, -0.0002202832446015005, 0.8879177007033453, 1.172272295823945]
Camera 3.t:
[-3.672460377075596; -0.2010678015155009; 1.172272295823945]

Camera 4.C:
[0.795641376113062, -0.06751796433557775, 0.6019934593572365, -4.836081692115647;
  0.05901098770064479, 0.9976814316473204, 0.0339037501870735, -0.2535008434331479;
  -0.6028868085698238, 0.00854900217176185, 0.7977809289613032, 1.966538845669517]
Camera 4.t:
[-4.836081692115647; -0.2535008434331479; 1.966538845669517]



======================================
>> Iteration 5 <<
======================================
Camera 0.C:
[1, 0, 0, 0;
  0, 1, 0, 0;
  0, 0, 1, 0]
Camera 0.t:
[0; 0; 0]

Camera 1.C:
[0.9891222976455362, -0.02372990426822579, 0.1451687705528851, -1.144830961002317;
  0.02471583548665947, 0.9996820551555298, -0.004991600566223511, 0.02902029509319984;
  -0.1450041646871281, 0.008525270871777495, 0.9893943157204568, 0.07832348688130073]
Camera 1.t:
[-1.144830961002317; 0.02902029509319984; 0.07832348688130073]

Camera 2.C:
[0.9542811720115875, -0.04229429021149242, 0.2959030884592067, -2.352588838297213;
  0.04186275346716184, 0.9990929487181125, 0.007796774582777894, -0.05992389845935165;
  -0.2959644482304229, 0.004947002855576101, 0.9551861454954256, 0.4779321144286061]
Camera 2.t:
[-2.352588838297213; -0.05992389845935165; 0.4779321144286061]

Camera 3.C:
[0.8830465593981089, -0.05411729911451827, 0.4661545793743872, -3.749054605468431;
  0.04575075147750859, 0.9985244151351544, 0.02925510413998084, -0.2191728301104739;
  -0.4670499359537536, -0.004506696744583316, 0.8842194563625294, 1.230946205573649]
Camera 3.t:
[-3.749054605468431; -0.2191728301104739; 1.230946205573649]

Camera 4.C:
[0.7871148932076127, -0.06387903859988439, 0.6134897010694824, -4.95019660386727;
  0.0531489833789467, 0.9979475435295486, 0.03571954547756809, -0.2681705242498655;
  -0.6145122703872989, 0.004490967701296429, 0.7888944801128685, 2.066932005437629]
Camera 4.t:
[-4.95019660386727; -0.2681705242498655; 2.066932005437629]

Camera 5.C:
[0.6640552514891187, -0.07003881726746959, 0.7443958537266966, -6.017667132151653;
  0.06865382114427258, 0.9971086824451221, 0.0325718933260399, -0.2623277789808922;
  -0.7445248658117563, 0.02947608298819055, 0.6669436893169165, 3.005313300059649]
Camera 5.t:
[-6.017667132151653; -0.2623277789808922; 3.005313300059649]



======================================
>> Iteration 6 <<
======================================
Camera 0.C:
[1, 0, 0, 0;
  0, 1, 0, 0;
  0, 0, 1, 0]
Camera 0.t:
[0; 0; 0]

Camera 1.C:
[0.988730592577401, -0.02102083065106588, 0.1482226027982259, -1.184003642550961;
  0.02198118497873167, 0.9997466503182155, -0.004843829522023705, 0.02809066186835343;
  -0.1480832293288886, 0.008047350883791285, 0.9889421607633486, 0.08556323650541761]
Camera 1.t:
[-1.184003642550961; 0.02809066186835343; 0.08556323650541761]

Camera 2.C:
[0.9523815786919707, -0.0369915984810377, 0.302656488795478, -2.435814070038791;
  0.03656202078691748, 0.9993062555614312, 0.007087046759318115, -0.0572937252598134;
  -0.3027086837277164, 0.004316160053732525, 0.9530733568609627, 0.4948229178227271]
Camera 2.t:
[-2.435814070038791; -0.0572937252598134; 0.4948229178227271]

Camera 3.C:
[0.8775485428112196, -0.04570293432659314, 0.4773047211204224, -3.884832030654531;
  0.0390348173508254, 0.9989523619525947, 0.02388433762363598, -0.1904955611395713;
  -0.4778962628482177, -0.002328163068010597, 0.8784131952631609, 1.243348541127133]
Camera 3.t:
[-3.884832030654531; -0.1904955611395713; 1.243348541127133]

Camera 4.C:
[0.7793518416932128, -0.0547757533156346, 0.624187731133913, -5.084981307432784;
  0.04640351861209761, 0.9984816565361843, 0.0296832447885037, -0.2326483376049292;
  -0.6248659218662944, 0.005830815505764699, 0.7807103056068389, 2.106119681840585]
Camera 4.t:
[-5.084981307432784; -0.2326483376049292; 2.106119681840585]

Camera 5.C:
[0.6576390061254194, -0.06193237326169102, 0.7507831369740168, -6.111296327834067;
  0.06200137771875333, 0.9976835128427323, 0.02798995110324488, -0.2261216155235661;
  -0.7507774415786259, 0.02814230523535947, 0.6599554862812285, 3.068207095042613]
Camera 5.t:
[-6.111296327834067; -0.2261216155235661; 3.068207095042613]

Camera 6.C:
[0.522839954006706, -0.0683818707933832, 0.8496836483309906, -6.89555352664414;
  0.07452936786049819, 0.99662713175993, 0.03434724976311098, -0.2617756035568893;
  -0.8491665065348375, 0.04536827070510879, 0.5261729413345463, 4.201103582069098]
Camera 6.t:
[-6.89555352664414; -0.2617756035568893; 4.201103582069098]



======================================
>> Iteration 7 <<
======================================
Camera 0.C:
[1, 0, 0, 0;
  0, 1, 0, 0;
  0, 0, 1, 0]
Camera 0.t:
[0; 0; 0]

Camera 1.C:
[0.9886614641072086, -0.0206671186443625, 0.1487325774547418, -1.19004384395974;
  0.02163098085399428, 0.9997541829038152, -0.004865638048492468, 0.02839666413498451;
  -0.1485954577256151, 0.008027700372127036, 0.9888654842646953, 0.08653070514773123]
Camera 1.t:
[-1.19004384395974; 0.02839666413498451; 0.08653070514773123]

Camera 2.C:
[0.9518130472220039, -0.0360482787250019, 0.3045528603361458, -2.456509969491432;
  0.03553065801496818, 0.9993423357979229, 0.007243495218115249, -0.05862366207160922;
  -0.3046136823568283, 0.003926510271991673, 0.9524678929171824, 0.5022456756260225]
Camera 2.t:
[-2.456509969491432; -0.05862366207160922; 0.5022456756260225]

Camera 3.C:
[0.8766314199853443, -0.04452478899269052, 0.479098003188946, -3.905349800732195;
  0.038177586615294, 0.99900654819568, 0.02298670359977867, -0.1859961868073966;
  -0.4796455205406495, -0.001860061103495811, 0.8774603779077325, 1.243984599483827]
Camera 3.t:
[-3.905349800732195; -0.1859961868073966; 1.243984599483827]

Camera 4.C:
[0.7778268855822978, -0.05270971399457433, 0.6262643388505792, -5.112002640913562;
  0.04542593150048638, 0.9985856233326557, 0.02762675552150177, -0.2215257902053943;
  -0.6268347635642554, 0.006959807751790536, 0.7791211332414249, 2.103318540383417]
Camera 4.t:
[-5.112002640913562; -0.2215257902053943; 2.103318540383417]

Camera 5.C:
[0.6567645585914468, -0.05808452238550834, 0.7518553736174461, -6.138968990722622;
  0.06189522338204766, 0.9978171654157655, 0.02301924681941966, -0.1966238277143029;
  -0.7515512596627515, 0.03141803082458101, 0.6589261046873445, 3.038611179658638]
Camera 5.t:
[-6.138968990722622; -0.1966238277143029; 3.038611179658638]

Camera 6.C:
[0.52091946560363, -0.06179785859633926, 0.8513659231071769, -6.942073060196288;
  0.07491915175783674, 0.996836986225873, 0.02651685486638385, -0.2192655916706031;
  -0.8503117258130191, 0.04997046692823166, 0.5239016333052033, 4.15622972937692]
Camera 6.t:
[-6.942073060196288; -0.2192655916706031; 4.15622972937692]

Camera 7.C:
[0.3596966090425055, -0.05700826069897487, 0.9313261553587985, -7.613250986938343;
  0.08170910452961593, 0.9962218180885111, 0.02942297404053597, -0.2550977301827007;
  -0.9294847882995673, 0.06551448218905093, 0.3629957037531013, 5.481120332236256]
Camera 7.t:
[-7.613250986938343; -0.2550977301827007; 5.481120332236256]



======================================
>> Iteration 8 <<
======================================
Camera 0.C:
[1, 0, 0, 0;
  0, 1, 0, 0;
  0, 0, 1, 0]
Camera 0.t:
[0; 0; 0]

Camera 1.C:
[0.9883856318968031, -0.01826645049188377, 0.1508647720522751, -1.219549806259386;
  0.01918019273421212, 0.9998054443301517, -0.00460366098517341, 0.02860593252269793;
  -0.1507513279100248, 0.007443807776634898, 0.9885436899091252, 0.09638832946372464]
Camera 1.t:
[-1.219549806259386; 0.02860593252269793; 0.09638832946372464]

Camera 2.C:
[0.9500037737753573, -0.03115904607013162, 0.3106798089039247, -2.531433533876693;
  0.02938383454780553, 0.9995141612304611, 0.01039383312522094, -0.07615514711333721;
  -0.3108527305330402, -0.0007452165907744345, 0.9504577973652412, 0.5593027840512321]
Camera 2.t:
[-2.531433533876693; -0.07615514711333721; 0.5593027840512321]

Camera 3.C:
[0.8708611508091247, -0.03747212861131394, 0.4900986590358558, -4.031338753781969;
  0.02763719956768624, 0.9992453859471571, 0.02729182777633077, -0.2097427858213425;
  -0.4907515065809404, -0.01022243809735049, 0.8712396114433061, 1.361275352957178]
Camera 3.t:
[-4.031338753781969; -0.2097427858213425; 1.361275352957178]

Camera 4.C:
[0.7644175117471749, -0.04422373509291398, 0.643203023149526, -5.294538526096151;
  0.0326835099055878, 0.9990200446705873, 0.02984524294806826, -0.2293515494498253;
  -0.6438925810370153, -0.001792093973440712, 0.7651138036166131, 2.287874232932542]
Camera 4.t:
[-5.294538526096151; -0.2293515494498253; 2.287874232932542]

Camera 5.C:
[0.6408092421411552, -0.05182270823919416, 0.765949033615967, -6.286349326133705;
  0.04609066100928679, 0.9985163014527556, 0.02899735679052424, -0.2192592710547228;
  -0.7663153177081908, 0.01672132302975182, 0.6422470172775654, 3.307525624389324]
Camera 5.t:
[-6.286349326133705; -0.2192592710547228; 3.307525624389324]

Camera 6.C:
[0.5034995361097023, -0.05423196078153653, 0.8622917786730338, -7.068084691666149;
  0.06011261641777157, 0.9978084435666101, 0.02765471559406355, -0.2125873625076155;
  -0.8619017870295456, 0.03791047845871331, 0.5056561135181765, 4.405613398586982]
Camera 6.t:
[-7.068084691666149; -0.2125873625076155; 4.405613398586982]

Camera 7.C:
[0.3389002278246198, -0.0464029240599009, 0.9396772872742599, -7.730740910572191;
  0.06863658998375019, 0.9973409405613309, 0.02449626085022238, -0.2208167849306316;
  -0.9383153276462147, 0.05619445630069432, 0.3411840104478022, 5.703171474102186]
Camera 7.t:
[-7.730740910572191; -0.2208167849306316; 5.703171474102186]

Camera 8.C:
[0.1779215572883087, -0.03805587991220814, 0.9833085321790973, -8.101289725218491;
  0.0746993457840076, 0.9968910359432704, 0.02506531857756346, -0.2490329994138282;
  -0.9812053440496258, 0.06899284354236368, 0.1802111548944587, 7.002315525863877]
Camera 8.t:
[-8.101289725218491; -0.2490329994138282; 7.002315525863877]



======================================
>> Iteration 9 <<
======================================
Camera 0.C:
[1, 0, 0, 0;
  0, 1, 0, 0;
  0, 0, 1, 0]
Camera 0.t:
[0; 0; 0]

Camera 1.C:
[0.9873733236358885, -0.01514284599684992, 0.1576851736446226, -1.295755336149007;
  0.01622686566454059, 0.9998527131163463, -0.005589356366017394, 0.03748000666501155;
  -0.157577309924126, 0.008077517502121046, 0.987473617423817, 0.1040981107183682]
Camera 1.t:
[-1.295755336149007; 0.03748000666501155; 0.1040981107183682]

Camera 2.C:
[0.9471574655936955, -0.02514656943450392, 0.3197817778044945, -2.645146465562063;
  0.0276551108865131, 0.9996120601235011, -0.003305162250881629, 0.01419604266885337;
  -0.3195746082090723, 0.01197410962559059, 0.9474854566095947, 0.4778867306398791]
Camera 2.t:
[-2.645146465562063; 0.01419604266885337; 0.4778867306398791]

Camera 3.C:
[0.8726488833066496, -0.02954469499229218, 0.4874536259599163, -4.058894620619604;
  0.03523957020578328, 0.9993757310721616, -0.002514127223166471, -0.01390590000155772;
  -0.487075044685487, 0.01937160658786515, 0.8731452580772777, 1.100442062282335]
Camera 3.t:
[-4.058894620619604; -0.01390590000155772; 1.100442062282335]

Camera 4.C:
[0.7714999577349584, -0.03245023435786036, 0.6354012885610775, -5.300703620080718;
  0.04497927161823118, 0.9989814515107975, -0.003595088604410483, -0.02069671186718976;
  -0.6346374400708258, 0.03135349785111891, 0.7721737355238451, 1.933006996623768]
Camera 4.t:
[-5.300703620080718; -0.02069671186718976; 1.933006996623768]

Camera 5.C:
[0.6554323043505244, -0.03651323173287752, 0.7543707830517981, -6.281124415812657;
  0.06372440578477706, 0.997942532933817, -0.007064068871038429, 0.0002297201166257305;
  -0.752560758026313, 0.05270184882960832, 0.6564105579656702, 2.855677535449499]
Camera 5.t:
[-6.281124415812657; 0.0002297201166257305; 2.855677535449499]

Camera 6.C:
[0.5252813157117864, -0.03649015387379662, 0.8501458745617491, -7.072678486815105;
  0.07988575550879426, 0.9967823407099656, -0.006575052513171635, -0.01061221259894067;
  -0.8471704701126471, 0.07136829771704284, 0.5265061829172454, 3.903822415358749]
Camera 6.t:
[-7.072678486815105; -0.01061221259894067; 3.903822415358749]

Camera 7.C:
[0.3675999453351077, -0.02523619333680989, 0.9296415517474964, -7.773895783813632;
  0.08964621128437351, 0.9959381472097773, -0.008412118325009127, -0.0277800113233116;
  -0.9256531947722017, 0.08643113720311474, 0.3683691375913474, 5.167296515122744]
Camera 7.t:
[-7.773895783813632; -0.0277800113233116; 5.167296515122744]

Camera 8.C:
[0.215104379658677, -0.01535175599408899, 0.9764703935294473, -8.181844082612257;
  0.09592969945041924, 0.9953730091607285, -0.005483192288130226, -0.07676098487661494;
  -0.9718680973336907, 0.09485197004919996, 0.2155817830030583, 6.420326440304125]
Camera 8.t:
[-8.181844082612257; -0.07676098487661494; 6.420326440304125]

Camera 9.C:
[0.05121627538877468, -0.006589584877232151, 0.9986658452688001, -8.368752352844343;
  0.0978277597712435, 0.9952021543196667, 0.001549663071100917, -0.1158782588509275;
  -0.993884612293319, 0.09761787443209269, 0.05161519192949998, 7.880106861507922]
Camera 9.t:
[-8.368752352844343; -0.1158782588509275; 7.880106861507922]



======================================
>> Iteration 10 <<
======================================
Camera 0.C:
[1, 0, 0, 0;
  0, 1, 0, 0;
  0, 0, 1, 0]
Camera 0.t:
[0; 0; 0]

Camera 1.C:
[0.9867389613575049, -0.01381456146225887, 0.1617262502833659, -1.338861898668748;
  0.01503772430269836, 0.9998668172501273, -0.006341499025996594, 0.04271153250416551;
  -0.161617106108569, 0.00868939892663196, 0.9868152843158569, 0.1051905992661661]
Camera 1.t:
[-1.338861898668748; 0.04271153250416551; 0.1051905992661661]

Camera 2.C:
[0.9456662579523903, -0.02285785375965715, 0.3243344679367661, -2.699933583788357;
  0.02759991570667095, 0.9995687524535323, -0.01002765034660832, 0.05680074530400956;
  -0.3239653889280577, 0.0184344145551548, 0.9458893165358731, 0.4341396854764441]
Camera 2.t:
[-2.699933583788357; 0.05680074530400956; 0.4341396854764441]

Camera 3.C:
[0.8730585276846411, -0.0268763384283395, 0.4868741825870542, -4.074365234697684;
  0.03882084512997614, 0.9991415745006592, -0.01445877199965937, 0.06280105604237919;
  -0.4860676385242297, 0.03152422143414628, 0.873352434153847, 0.9937029126273631]
Camera 3.t:
[-4.074365234697684; 0.06280105604237919; 0.9937029126273631]

Camera 4.C:
[0.7760544319134708, -0.03052754343233959, 0.629926652713986, -5.273005262701831;
  0.05013129707493103, 0.9986532246482938, -0.01336375520388798, 0.04474546199269181;
  -0.6286703204073221, 0.04195004161560572, 0.7765396462817619, 1.811031322054993]
Camera 4.t:
[-5.273005262701831; 0.04474546199269181; 1.811031322054993]

Camera 5.C:
[0.6613144792201925, -0.03365393416765673, 0.7493534361626459, -6.263578272672657;
  0.07029539443391708, 0.9973771649031274, -0.01724379457021039, 0.06119743580167109;
  -0.74680768414305, 0.06407966639144296, 0.6619456769705924, 2.705467764463234]
Camera 5.t:
[-6.263578272672657; 0.06119743580167109; 2.705467764463234]

Camera 6.C:
[0.5349586638642669, -0.03493185803292652, 0.8441557873111609, -7.042300910321339;
  0.08615541604648551, 0.996191923448964, -0.01337519872415311, 0.0293695225595749;
  -0.8404739569090856, 0.07988377150223358, 0.5359310690827354, 3.750683335034162]
Camera 6.t:
[-7.042300910321339; 0.0293695225595749; 3.750683335034162]

Camera 7.C:
[0.3814013484258288, -0.02142859436727235, 0.924161147615719, -7.761073662163564;
  0.09598220514847476, 0.995245702981465, -0.01653502318613623, 0.02100522440047391;
  -0.9194130887222543, 0.09500950500014649, 0.3816448168727455, 4.979229352919274]
Camera 7.t:
[-7.761073662163564; 0.02100522440047391; 4.979229352919274]

Camera 8.C:
[0.2342957869269481, -0.01121731102210691, 0.972100640963535, -8.181465206632124;
  0.1018818540469861, 0.9947105460532115, -0.01307736160205172, -0.03057004116296559;
  -0.9668120665590759, 0.1021033863491095, 0.2341993305964253, 6.197330153931641]
Camera 8.t:
[-8.181465206632124; -0.03057004116296559; 6.197330153931641]

Camera 9.C:
[0.08793810838647732, -0.001428135850440805, 0.9961249166251192, -8.394042942314966;
  0.09578718272623438, 0.9953770180724335, -0.007029048200222716, -0.03798852951518664;
  -0.9915098107022335, 0.09603412060941025, 0.08766836921032634, 7.592292412099081]
Camera 9.t:
[-8.394042942314966; -0.03798852951518664; 7.592292412099081]

Camera 10.C:
[-0.0564867316022631, 0.01028070190377794, 0.998350417599582, -8.425365396855129;
  0.0849075884062597, 0.9963738909334075, -0.005456271369316625, 0.0269865859436252;
  -0.9947863843981416, 0.08445931940637508, -0.05715481415843138, 9.045972220394225]
Camera 10.t:
[-8.425365396855129; 0.0269865859436252; 9.045972220394225]



======================================
>> Iteration 11 <<
======================================
Camera 0.C:
[1, 0, 0, 0;
  0, 1, 0, 0;
  0, 0, 1, 0]
Camera 0.t:
[0; 0; 0]

Camera 1.C:
[0.9866189599655789, -0.01185372248812745, 0.1626115527864295, -1.354430495355263;
  0.01298383766614959, 0.9998983659859734, -0.005888773899516565, 0.04189465204493331;
  -0.1625252220299925, 0.007921297984233003, 0.9866725927288882, 0.1151757334079326]
Camera 1.t:
[-1.354430495355263; 0.04189465204493331; 0.1151757334079326]

Camera 2.C:
[0.9443486862728505, -0.01887613747950567, 0.328404095846255, -2.750643112932957;
  0.02242888704229051, 0.9997237006135574, -0.007033310570306847, 0.0424443768241394;
  -0.3281805962588063, 0.01400763596717942, 0.944511134065568, 0.4876297107499459]
Camera 2.t:
[-2.750643112932957; 0.0424443768241394; 0.4876297107499459]

Camera 3.C:
[0.8682616630249209, -0.02164373551934935, 0.4956341727867109, -4.169295286973858;
  0.02995976934621769, 0.9995120438839031, -0.008836648218861369, 0.03459831668160082;
  -0.4952010669838264, 0.02252160837486804, 0.8684864307600257, 1.116075139165995]
Camera 3.t:
[-4.169295286973858; 0.03459831668160082; 1.116075139165995]

Camera 4.C:
[0.7672329969159587, -0.02385877266766216, 0.6409245567226688, -5.392196660248979;
  0.03955570178220923, 0.9991657476619439, -0.01015653265960602, 0.03427470166038756;
  -0.6401475415088881, 0.03314464762132087, 0.7675366814909793, 1.96283407107622]
Camera 4.t:
[-5.392196660248979; 0.03427470166038756; 1.96283407107622]

Camera 5.C:
[0.6501620429083551, -0.02586386193379252, 0.759355238743438, -6.378291891174603;
  0.0595232675006973, 0.9980826788270536, -0.01696899677213495, 0.07328904710451177;
  -0.7574604270767381, 0.05623190261125806, 0.6504549750301272, 2.86982041394118]
Camera 5.t:
[-6.378291891174603; 0.07328904710451177; 2.86982041394118]

Camera 6.C:
[0.52091293261961, -0.02567238962953004, 0.8532236781995372, -7.154985971608999;
  0.07519191571472852, 0.997042201837725, -0.01590671448572855, 0.05902297138110908;
  -0.8502916514001456, 0.07244153618809393, 0.5213025334620218, 3.928220284097021]
Camera 6.t:
[-7.154985971608999; 0.05902297138110908; 3.928220284097021]

Camera 7.C:
[0.3665212423590741, -0.01183679063873861, 0.9303343857382331, -7.849239084324927;
  0.08537004839589515, 0.996128842637652, -0.02095909593122714, 0.06482494578194802;
  -0.926484826500922, 0.08710464541427473, 0.36611288834294, 5.161476429489552]
Camera 7.t:
[-7.849239084324927; 0.06482494578194802; 5.161476429489552]

Camera 8.C:
[0.2195339484099157, -0.0002934879462042905, 0.9756048172084729, -8.252299794634199;
  0.09216741615710437, 0.995533705943868, -0.02044034560841361, 0.03299330102054476;
  -0.9712414802171886, 0.09440632497080739, 0.2185804952666882, 6.366891741357344]
Camera 8.t:
[-8.252299794634199; 0.03299330102054476; 6.366891741357344]

Camera 9.C:
[0.05139061536472667, 0.01058331224041668, 0.9986225503935191, -8.455217739968131;
  0.09596517870643037, 0.9952642167090362, -0.01548623306008938, 0.0002331473650611126;
  -0.9940571860452887, 0.09662883855542491, 0.05013161109671251, 7.845676241643013]
Camera 9.t:
[-8.455217739968131; 0.0002331473650611126; 7.845676241643013]

Camera 10.C:
[-0.1121849245364344, 0.02546695115278142, 0.9933609500608208, -8.427479836389317;
  0.08602169694627866, 0.9961675895377692, -0.0158240705569971, 0.07829615145514045;
  -0.9899569739949495, 0.08367537244310344, -0.1139456962121466, 9.463438825791403]
Camera 10.t:
[-8.427479836389317; 0.07829615145514045; 9.463438825791403]

Camera 11.C:
[-0.2795970945198676, 0.03758324892208728, 0.9593815529477877, -8.134479934189084;
  0.08513097015389193, 0.9962683183792964, -0.01421814735987006, 0.0842942321278157;
  -0.9563358106108469, 0.07769772965891758, -0.2817532256233181, 10.97237839400843]
Camera 11.t:
[-8.134479934189084; 0.0842942321278157; 10.97237839400843]



======================================
>> Iteration 12 <<
======================================
Camera 0.C:
[1, 0, 0, 0;
  0, 1, 0, 0;
  0, 0, 1, 0]
Camera 0.t:
[0; 0; 0]

Camera 1.C:
[0.9866560711667397, -0.01326239942915429, 0.16227725038093, -1.346345555843832;
  0.01449101968795996, 0.9998745826443716, -0.006389783262902129, 0.04318754968268118;
  -0.1621721541394103, 0.008656081279960077, 0.9867245130626167, 0.1061792518741532]
Camera 1.t:
[-1.346345555843832; 0.04318754968268118; 0.1061792518741532]

Camera 2.C:
[0.9457904541732503, -0.02227242685656983, 0.3240128944913702, -2.70033020707835;
  0.02722201117018336, 0.999571598272579, -0.01075090855008911, 0.06185698374690311;
  -0.3236346379833398, 0.01898838931349138, 0.9459915761615807, 0.4282835796198841]
Camera 2.t:
[-2.70033020707835; 0.06185698374690311; 0.4282835796198841]

Camera 3.C:
[0.875572445449059, -0.02877380433565728, 0.4822291581337735, -4.025897965520479;
  0.03784249902927679, 0.9992424021186496, -0.009086642689693541, 0.03449708177735358;
  -0.4816023650664247, 0.02620477040930308, 0.8759979862820587, 1.029098632961903]
Camera 3.t:
[-4.025897965520479; 0.03449708177735358; 1.029098632961903]

Camera 4.C:
[0.7785775415481259, -0.03232613307131894, 0.6267152726059353, -5.23744537822373;
  0.04798144289724349, 0.9988154739337983, -0.008088891636088634, 0.02042245007017104;
  -0.6257114294420192, 0.03636853242924715, 0.7792063506636531, 1.85431254871976]
Camera 4.t:
[-5.23744537822373; 0.02042245007017104; 1.85431254871976]

Camera 5.C:
[0.6644870332414035, -0.03576184664055875, 0.7464436167446911, -6.229204856189837;
  0.06733686027142785, 0.9976563624918919, -0.01214617751529426, 0.04436665837475265;
  -0.7442598537492293, 0.05833414698359782, 0.6653378069769309, 2.755499403996134]
Camera 5.t:
[-6.229204856189837; 0.04436665837475265; 2.755499403996134]

Camera 6.C:
[0.5375824015366607, -0.03666751379456761, 0.842413589034627, -7.019569565333252;
  0.08236377588768476, 0.9965600231566523, -0.009183064169207895, 0.02379009029023823;
  -0.8391789856637256, 0.07432101774153624, 0.5387532054125177, 3.812790192356144]
Camera 6.t:
[-7.019569565333252; 0.02379009029023823; 3.812790192356144]

Camera 7.C:
[0.3844596000272888, -0.02254315710695982, 0.9228665244847208, -7.745189217568739;
  0.09245218922587117, 0.9956159417447679, -0.0141946909449271, 0.02787811561035176;
  -0.9185006307315203, 0.09077831575508114, 0.3848582709705872, 5.025595224795626]
Camera 7.t:
[-7.745189217568739; 0.02787811561035176; 5.025595224795626]

Camera 8.C:
[0.2418206181205884, -0.009596764482992362, 0.9702735133781785, -8.175054896603195;
  0.1008591055246409, 0.9947831000745762, -0.01529786386346121, 0.0003607023516449834;
  -0.9650648835620047, 0.1015602575689606, 0.2415269852376345, 6.159752799535443]
Camera 8.t:
[-8.175054896603195; 0.0003607023516449834; 6.159752799535443]

Camera 9.C:
[0.08415242900385606, 0.001507380595715459, 0.9964517532206417, -8.411212690905476;
  0.1092244667277183, 0.9939592190979848, -0.01072784405972353, -0.05670292387308131;
  -0.9904485774439765, 0.1097396855010249, 0.08347943977614865, 7.469101209493034]
Camera 9.t:
[-8.411212690905476; -0.05670292387308131; 7.469101209493034]

Camera 10.C:
[-0.06708052714487353, 0.0166225194750031, 0.9976090891347518, -8.446161471252768;
  0.09580501827355395, 0.9953484425651583, -0.01014279826862356, 0.02435965194260001;
  -0.9931372520208726, 0.09489557275983501, -0.06836101900215487, 9.015298681553599]
Camera 10.t:
[-8.446161471252768; 0.02435965194260001; 9.015298681553599]

Camera 11.C:
[-0.2357076780438393, 0.02780788346486288, 0.9714260713653854, -8.216064430650146;
  0.09491561008325955, 0.9954703171864245, -0.005465762827167854, 0.006479030738194364;
  -0.9671778106810066, 0.0909151759496995, -0.2372793992497679, 10.53383063311826]
Camera 11.t:
[-8.216064430650146; 0.006479030738194364; 10.53383063311826]

Camera 12.C:
[-0.3832520809890648, 0.03927174343269153, 0.9228085243349826, -7.808055775626555;
  0.09547488513888096, 0.9954281489022625, -0.002710476108251328, -0.004249636866150593;
  -0.9186960262923036, 0.08706624225710423, -0.3852493747353244, 11.84386297299221]
Camera 12.t:
[-7.808055775626555; -0.004249636866150593; 11.84386297299221]



======================================
>> Iteration 13 <<
======================================
Camera 0.C:
[1, 0, 0, 0;
  0, 1, 0, 0;
  0, 0, 1, 0]
Camera 0.t:
[0; 0; 0]

Camera 1.C:
[0.987649166820999, -0.01311065556257246, 0.1561321042851409, -1.290718497479603;
  0.01400716511603992, 0.9998911145464724, -0.004643099872410427, 0.03392207759491674;
  -0.1560542296869858, 0.006772721885089571, 0.9877252693107881, 0.1152877765165337]
Camera 1.t:
[-1.290718497479603; 0.03392207759491674; 0.1152877765165337]

Camera 2.C:
[0.9478910795992435, -0.02220383466640483, 0.3178199033136341, -2.639173015112875;
  0.02215458466645226, 0.9997474498818243, 0.003769725858223826, -0.0240254220090733;
  -0.3178233402291874, 0.003467878443100609, 0.9481436063301097, 0.5517302440519113]
Camera 2.t:
[-2.639173015112875; -0.0240254220090733; 0.5517302440519113]

Camera 3.C:
[0.8768052325966202, -0.02981323001867055, 0.4799205719773226, -3.987873383406043;
  0.02319497373373639, 0.9995365360862984, 0.01971563395113615, -0.1282327973583917;
  -0.4802859328407172, -0.006155025951022004, 0.8770903820991679, 1.323461389540015]
Camera 3.t:
[-3.987873383406043; -0.1282327973583917; 1.323461389540015]

Camera 4.C:
[0.7751805301554521, -0.033065398206053, 0.6308738583182755, -5.25160853969208;
  0.02615206168591475, 0.9994528685958541, 0.02024927468069783, -0.1239595730232828;
  -0.6311982377490358, 0.0008018085765238592, 0.7756211328770757, 2.230436623314897]
Camera 4.t:
[-5.25160853969208; -0.1239595730232828; 2.230436623314897]

Camera 5.C:
[0.6524676252937177, -0.03374901304712978, 0.7570647277887944, -6.307428761771038;
  0.0427480507822644, 0.9990562519601185, 0.007694775741823345, -0.03933828778094439;
  -0.7566099405227859, 0.02734244937354138, 0.6532945647748507, 3.165038618181566]
Camera 5.t:
[-6.307428761771038; -0.03933828778094439; 3.165038618181566]

Camera 6.C:
[0.519184587008193, -0.03408332616612469, 0.8539822547867054, -7.104648914207421;
  0.05602178944151361, 0.9984127644823482, 0.005788853641761748, -0.02104796560221222;
  -0.8528240872072638, 0.04483613047720089, 0.5202699277134214, 4.265730265127073]
Camera 6.t:
[-7.104648914207421; -0.02104796560221222; 4.265730265127073]

Camera 7.C:
[0.3582209849536254, -0.01859044389356353, 0.933451724158617, -7.825217498875382;
  0.06531699717467313, 0.9978510522703062, -0.005193010988468017, 0.02551039834470552;
  -0.9313492448157877, 0.06283050914072616, 0.3586654587525525, 5.520960893568404]
Camera 7.t:
[-7.825217498875382; 0.02551039834470552; 5.520960893568404]

Camera 8.C:
[0.2070272596892564, -0.006185006295656992, 0.9783156236321079, -8.227300728308254;
  0.07230369843859924, 0.9973420974148451, -0.008995327468077213, 0.02450413974206482;
  -0.9756597198499369, 0.0725981158245896, 0.2069242002305728, 6.735890853568676]
Camera 8.t:
[-8.227300728308254; 0.02450413974206482; 6.735890853568676]

Camera 9.C:
[0.04256121474205643, 0.005566798814780158, 0.9990783521579459, -8.417712254618445;
  0.07706693936290268, 0.9969867463993043, -0.008838232932254275, 0.008167250259731999;
  -0.9961170763805406, 0.07737207671431512, 0.04200395086178079, 8.122895754762086]
Camera 9.t:
[-8.417712254618445; 0.008167250259731999; 8.122895754762086]

Camera 10.C:
[-0.1144363843657966, 0.02257689013064149, 0.9931740018573344, -8.399594518142923;
  0.06541019399191018, 0.9977435368814539, -0.01514401311502633, 0.1392045899526308;
  -0.9912748460720792, 0.0632306780235382, -0.1156549216482347, 9.690257514709115]
Camera 10.t:
[-8.399594518142923; 0.1392045899526308; 9.690257514709115]

Camera 11.C:
[-0.2912837504884817, 0.03236225486866428, 0.9560891491702954, -8.066355059095779;
  0.06360137084406854, 0.997871492934157, -0.01439962555457103, 0.1590590444831526;
  -0.9545201110129211, 0.0566142035992047, -0.2927220347406539, 11.29241654699067]
Camera 11.t:
[-8.066355059095779; 0.1590590444831526; 11.29241654699067]

Camera 12.C:
[-0.4506417765133156, 0.03692213376171136, 0.8919409987770521, -7.483005827095359;
  0.06592258971178418, 0.9977926911918613, -0.00799734767248882, 0.1029358081088632;
  -0.890267488694614, 0.05519512154697361, -0.4520810736259593, 12.66012418656627]
Camera 12.t:
[-7.483005827095359; 0.1029358081088632; 12.66012418656627]

Camera 13.C:
[-0.632444621151946, 0.04814800103932061, 0.7731077358116972, -6.439054855168036;
  0.0433440593089828, 0.9987022938628516, -0.02673987202096571, 0.3867819095176384;
  -0.7733919405441142, 0.01659813932330444, -0.633710823698328, 14.59486631138397]
Camera 13.t:
[-6.439054855168036; 0.3867819095176384; 14.59486631138397]



======================================
>> Iteration 14 <<
======================================
Camera 0.C:
[1, 0, 0, 0;
  0, 1, 0, 0;
  0, 0, 1, 0]
Camera 0.t:
[0; 0; 0]

Camera 1.C:
[0.9878979390176448, -0.01293968520209257, 0.1545646357727428, -1.276976371678606;
  0.01374869323481978, 0.9998968025475081, -0.00416625606563353, 0.0315574334607245;
  -0.1544947750541251, 0.00624089754285022, 0.9879738942294148, 0.1183425178011947]
Camera 1.t:
[-1.276976371678606; 0.0315574334607245; 0.1183425178011947]

Camera 2.C:
[0.948292752937399, -0.02165985919390936, 0.3166570782820262, -2.629126683884481;
  0.0201249403745663, 0.9997645197898435, 0.008117372992769868, -0.04955438878898629;
  -0.3167583329627326, -0.001324941162323283, 0.9485053521354463, 0.5914976307339571]
Camera 2.t:
[-2.629126683884481; -0.04955438878898629; 0.5914976307339571]

Camera 3.C:
[0.8758629477375981, -0.02849145063626557, 0.4817181063869685, -4.005222979851843;
  0.01778436883403307, 0.9994831601127519, 0.0267792620548491, -0.1680379480444498;
  -0.4822321152780895, -0.01488791092357991, 0.8759169692971766, 1.409888609322181]
Camera 3.t:
[-4.005222979851843; -0.1680379480444498; 1.409888609322181]

Camera 4.C:
[0.7727923219573988, -0.03151233467232423, 0.6338761707835305, -5.27880079800032;
  0.01843923808695513, 0.9994597520675168, 0.02720658920023644, -0.1575843395891906;
  -0.6343910636369847, -0.009336849609866858, 0.7729558859449212, 2.345317129400886]
Camera 4.t:
[-5.27880079800032; -0.1575843395891906; 2.345317129400886]

Camera 5.C:
[0.6485997326871181, -0.03148093943952524, 0.760478360777086, -6.339992660741671;
  0.0342659424651471, 0.9993389657563392, 0.01214399884821126, -0.05261125125841599;
  -0.7603579630313435, 0.01818191334967451, 0.6492497101129664, 3.286738315993415]
Camera 5.t:
[-6.339992660741671; -0.05261125125841599; 3.286738315993415]

Camera 6.C:
[0.5113443883804739, -0.03209735870399081, 0.8587762665770558, -7.14658206393738;
  0.04633663551387227, 0.9988783623983889, 0.009743374239319716, -0.02864900251663264;
  -0.8581257674030385, 0.03481058311117804, 0.5122581288983183, 4.428839604996582]
Camera 6.t:
[-7.14658206393738; -0.02864900251663264; 4.428839604996582]

Camera 7.C:
[0.3469458682080717, -0.01711518463740144, 0.9377289773640223, -7.859043711318929;
  0.05479642369127144, 0.9984954437231766, -0.002049588910798025, 0.02403476125651186;
  -0.9362830322525311, 0.05209529075534811, 0.3473617195332867, 5.714398484625034]
Camera 7.t:
[-7.859043711318929; 0.02403476125651186; 5.714398484625034]

Camera 8.C:
[0.1905478627514793, -0.005672488656413424, 0.9816615174658149, -8.247098275112048;
  0.06076319348981495, 0.9981340143411671, -0.006026917297095948, 0.02498018902928937;
  -0.9797955635323946, 0.06079730493722221, 0.1905369816980622, 6.978657068596307]
Camera 8.t:
[-8.247098275112048; 0.02498018902928937; 6.978657068596307]

Camera 9.C:
[0.02890045160215174, 0.007000721728539262, 0.9995577791165808, -8.416684217833462;
  0.06059354279288728, 0.9981242351886822, -0.008742636948590607, 0.04862695168099036;
  -0.9977440485760856, 0.06081941321887183, 0.02842204262036589, 8.389271807537082]
Camera 9.t:
[-8.416684217833462; 0.04862695168099036; 8.389271807537082]

Camera 10.C:
[-0.1309280810877918, 0.02434017143925369, 0.9910930297590518, -8.376657279512305;
  0.04981631126617375, 0.9985971991314617, -0.01794349516209342, 0.2044725150526028;
  -0.990139471344568, 0.04702329147463115, -0.1319569526186157, 9.973727539642324]
Camera 10.t:
[-8.376657279512305; 0.2044725150526028; 9.973727539642324]

Camera 11.C:
[-0.3102432564502173, 0.03446678407257891, 0.9500321903087594, -8.009748367790062;
  0.04888926771042324, 0.9985986343894481, -0.02026343747412242, 0.2520274168703377;
  -0.9493992633923323, 0.04015978325667759, -0.3114935480533641, 11.59682778395422]
Camera 11.t:
[-8.009748367790062; 0.2520274168703377; 11.59682778395422]

Camera 12.C:
[-0.4712668008099459, 0.03991071907350993, 0.8810872470745416, -7.388886039122576;
  0.05268056012329269, 0.998465844390497, -0.01705040089464929, 0.2279226516171216;
  -0.8804160158921776, 0.03838088181122842, -0.4726463232396266, 12.98652539645194]
Camera 12.t:
[-7.388886039122576; 0.2279226516171216; 12.98652539645194]

Camera 13.C:
[-0.6472907211349506, 0.05064285442557329, 0.7605590204765347, -6.33348211996972;
  0.04329429027313587, 0.9986223497406319, -0.02964805268891092, 0.4132324853912525;
  -0.7610126981610368, 0.01373695359711082, -0.6485915273448534, 14.72462072865758]
Camera 13.t:
[-6.33348211996972; 0.4132324853912525; 14.72462072865758]

Camera 14.C:
[-0.7810975757662799, 0.06248339349899112, 0.6212748205656583, -5.141328947481274;
  0.0569847864651722, 0.9979617621887542, -0.02872377622520345, 0.4091637915789108;
  -0.6218032737478626, 0.01296714100976268, -0.7830661159892398, 15.85456125251327]
Camera 14.t:
[-5.141328947481274; 0.4091637915789108; 15.85456125251327]



======================================
>> Iteration 15 <<
======================================
Camera 0.C:
[1, 0, 0, 0;
  0, 1, 0, 0;
  0, 0, 1, 0]
Camera 0.t:
[0; 0; 0]

Camera 1.C:
[0.9875975834128229, -0.01229528091945552, 0.1565242451004448, -1.297867710718199;
  0.01315690695753457, 0.9999034535804658, -0.004469822945920884, 0.03402229791632338;
  -0.1564541755162297, 0.006473761269059534, 0.9876640022692779, 0.1199601936164394]
Camera 1.t:
[-1.297867710718199; 0.03402229791632338; 0.1199601936164394]

Camera 2.C:
[0.9471370552387282, -0.0201148369124635, 0.3201980511022756, -2.669095356773722;
  0.0196523774894985, 0.9997959388491751, 0.004675972594763776, -0.02723985200165697;
  -0.3202267675456266, 0.001863866057882094, 0.9473390857293905, 0.5744811936485665]
Camera 2.t:
[-2.669095356773722; -0.02723985200165697; 0.5744811936485665]

Camera 3.C:
[0.8741156039391707, -0.02559774201169784, 0.4850429533082215, -4.051185852437987;
  0.0195416439003017, 0.9996551910624254, 0.01753918856787946, -0.1109845702029304;
