#Unique 3D-points (47)
p3D = [-595.4722734200484, -6232.8196756107, -12417.609739499932]
  C1.id = 0
  C2.id = 1
   p2D1 = [402, 71]
   p2D2 = [404, 74]
p3D = [-317.28613765179483, -11722.832550521718, -22518.367548068774]
  C1.id = 0
  C2.id = 1
   p2D1 = [295, 121]
   p2D2 = [292, 117]
p3D = [70.024455322438286, -21150.58870268684, -37363.676010525087]
  C1.id = 0
  C2.id = 1
   p2D1 = [240, 229]
   p2D2 = [234, 221]
p3D = [35.429165171581325, 860.09198531405627, 1694.5267099474847]
  C1.id = 0
  C2.id = 1
   p2D1 = [318, 93]
   p2D2 = [315, 91]
p3D = [-40.378833665214678, -16172.333453021774, -29824.883012969844]
  C1.id = 0
  C2.id = 1
   p2D1 = [254, 174]
   p2D2 = [250, 166]
p3D = [20.430358807004019, 503.1049401451869, 859.64017667597909]
  C1.id = 0
  C2.id = 1
   p2D1 = [322, 271]
   p2D2 = [311, 271]
p3D = [25.974953564976946, 606.1498387078326, 1091.062883437379]
  C1.id = 0
  C2.id = 1
   p2D1 = [326, 204]
   p2D2 = [317, 202]
p3D = [729.26881913542297, 26192.084326460976, 42481.179352995139]
  C1.id = 0
  C2.id = 1
   p2D1 = [295, 342]
   p2D2 = [286, 337]
p3D = [-135.34586973760045, -18669.177521840295, -29158.769619338145]
  C1.id = 0
  C2.id = 1
   p2D1 = [251, 400]
   p2D2 = [241, 390]
p3D = [30.843520770754711, 1253.9575849381758, 2296.1851725855445]
  C1.id = 0
  C2.id = 1
   p2D1 = [290, 182]
   p2D2 = [287, 177]
p3D = [26.139421658025118, 472.52906092044424, 715.71863609705611]
  C1.id = 0
  C2.id = 1
   p2D1 = [355, 443]
   p2D2 = [342, 443]
p3D = [55.903314920546954, 2413.0330207724915, 3808.79934582035]
  C1.id = 0
  C2.id = 1
   p2D1 = [286, 382]
   p2D2 = [277, 376]
p3D = [-82.774572196666639, -6797.9743234566968, -10827.034402966568]
  C1.id = 0
  C2.id = 1
   p2D1 = [264, 369]
   p2D2 = [255, 361]
p3D = [-536.85776789523914, -11854.052365035153, -19409.847023626291]
  C1.id = 0
  C2.id = 1
   p2D1 = [331, 324]
   p2D2 = [323, 323]
p3D = [10.457765385416076, -23666.988522101081, -36546.182195162262]
  C1.id = 0
  C2.id = 1
   p2D1 = [234, 417]
   p2D2 = [223, 407]
p3D = [21.868560083437838, -435.09606409005835, -708.35969037318046]
  C1.id = 0
  C2.id = 1
   p2D1 = [145, 338]
   p2D2 = [131, 321]
p3D = [26.953192808603834, 493.71562844327775, 767.56035594094499]
  C1.id = 0
  C2.id = 1
   p2D1 = [353, 404]
   p2D2 = [339, 404]
p3D = [15.774567551401388, -293.16286070845405, -466.72795465172919]
  C1.id = 0
  C2.id = 1
   p2D1 = [133, 369]
   p2D2 = [117, 350]
p3D = [-739.52368942915552, -7391.4624425899583, -12813.647156961752]
  C1.id = 0
  C2.id = 1
   p2D1 = [430, 239]
   p2D2 = [424, 246]
p3D = [-495.68213467013152, -6750.1279432418278, -13511.529164914633]
  C1.id = 0
  C2.id = 1
   p2D1 = [370, 72]
   p2D2 = [368, 74]
p3D = [19.248816857639142, 294.92612221851039, 458.21178624246539]
  C1.id = 0
  C2.id = 1
   p2D1 = [374, 405]
   p2D2 = [362, 409]
p3D = [37.26877391821143, 1944.4406970989569, 3411.4925846941028]
  C1.id = 0
  C2.id = 1
   p2D1 = [281, 236]
   p2D2 = [273, 231]
p3D = [5.7923752140291063, -1383.1179824223827, -2347.9520727956124]
  C1.id = 0
  C2.id = 1
   p2D1 = [235, 280]
   p2D2 = [228, 270]
p3D = [0.068982064654119768, -5037.8266252368885, -7626.3895907330989]
  C1.id = 0
  C2.id = 1
   p2D1 = [237, 444]
   p2D2 = [225, 435]
p3D = [26.281979730737135, 325.76938516187289, 496.34607272334404]
  C1.id = 0
  C2.id = 1
   p2D1 = [406, 434]
   p2D2 = [397, 438]
p3D = [82.830384115463872, -1955.8313304467738, -3149.6336863425076]
  C1.id = 0
  C2.id = 1
   p2D1 = [158, 358]
   p2D2 = [144, 342]
p3D = [9.8272207382806869, -399.31047438605708, -602.04978356059587]
  C1.id = 0
  C2.id = 1
   p2D1 = [185, 450]
   p2D2 = [170, 434]
p3D = [33.406366826304712, 328.51501863881833, 556.63125015699234]
  C1.id = 0
  C2.id = 1
   p2D1 = [437, 282]
   p2D2 = [426, 288]
p3D = [13.9101554605071, -360.57323152789724, -548.99632681955291]
  C1.id = 0
  C2.id = 1
   p2D1 = [156, 436]
   p2D2 = [143, 417]
p3D = [147.62926761695701, -3889.5590468976352, -6182.0218456627608]
  C1.id = 0
  C2.id = 1
   p2D1 = [166, 378]
   p2D2 = [151, 361]
p3D = [41.33178942734007, 888.45578481791097, 1715.0796225260365]
  C1.id = 0
  C2.id = 1
   p2D1 = [327, 117]
   p2D2 = [324, 115]
p3D = [105.96255361596991, 1708.3407568625373, 3320.1250677921807]
  C1.id = 0
  C2.id = 1
   p2D1 = [353, 109]
   p2D2 = [349, 106]
p3D = [-156.7178097837124, -10055.888532958805, -16844.646726416602]
  C1.id = 0
  C2.id = 1
   p2D1 = [271, 298]
   p2D2 = [264, 289]
p3D = [3.766056591678856, -370.94735443367603, -557.13560194975219]
  C1.id = 0
  C2.id = 1
   p2D1 = [215, 456]
   p2D2 = [201, 440]
p3D = [24.587305937423274, 338.3143259276622, 510.06102256622455]
  C1.id = 0
  C2.id = 1
   p2D1 = [392, 450]
   p2D2 = [379, 453]
p3D = [-109.42764395533051, -27273.150496064005, -45059.754353243297]
  C1.id = 0
  C2.id = 1
   p2D1 = [247, 318]
   p2D2 = [240, 309]
p3D = [328.7124553400543, 85915.893352779836, 137561.17391988751]
  C1.id = 0
  C2.id = 1
   p2D1 = [244, 364]
   p2D2 = [236, 354]
p3D = [-202.73842505746515, -4118.163973811259, -7629.9864185290098]
  C1.id = 0
  C2.id = 1
   p2D1 = [341, 164]
   p2D2 = [331, 163]
p3D = [22496.515043732586, 398248.87085842883, 654302.80777000403]
  C1.id = 0
  C2.id = 1
   p2D1 = [353, 327]
   p2D2 = [345, 317]
p3D = [42.520250817659814, 544.65411232238, 1145.9034282556934]
  C1.id = 0
  C2.id = 1
   p2D1 = [370, 18]
   p2D2 = [372, 21]
p3D = [142.43543208327239, -5593.4748371406522, -8680.646949079337]
  C1.id = 0
  C2.id = 1
   p2D1 = [186, 412]
   p2D2 = [170, 397]
p3D = [22.111982650663474, -274.69516554178932, -451.93884353267839]
  C1.id = 0
  C2.id = 1
   p2D1 = [87, 322]
   p2D2 = [70, 302]
p3D = [10.989647721713753, -310.43126626205503, -483.06645156469324]
  C1.id = 0
  C2.id = 1
   p2D1 = [165, 403]
   p2D2 = [153, 384]
p3D = [68.738228938224921, 610.57422466487787, 1251.3324112104228]
  C1.id = 0
  C2.id = 1
   p2D1 = [427, 48]
   p2D2 = [429, 50]
p3D = [10.438708815102046, -321.5233064992039, -472.29715350039373]
  C1.id = 0
  C2.id = 1
   p2D1 = [164, 490]
   p2D2 = [148, 472]
p3D = [21.34003090359036, 342.85362319838976, 627.75780542285327]
  C1.id = 0
  C2.id = 1
   p2D1 = [361, 183]
   p2D2 = [350, 184]
p3D = [30.36415700315532, 481.51136449586454, 816.11631175910782]
  C1.id = 0
  C2.id = 1
   p2D1 = [364, 282]
   p2D2 = [354, 283]

#Camera1 (of 9)
id = 0
P  = 
 [3217.328669180762, -78.60664100822618, 289.8672403229193, 0;
  0, 2292.424143977958, -1070.516234777778, 0;
  0, 0, 1, 0]
K  = 
 [3217.328669180762, -78.60664100822618, 289.8672403229193;
  0, 2292.424143977958, -1070.516234777778;
  0, 0, 1]
C  = 
 [1, 0, 0, 0;
  0, 1, 0, 0;
  0, 0, 1, 0]
R  = 
 [1, 0, 0;
  0, 1, 0;
  0, 0, 1]
t  = [0; 0; 0]
 #image points (47)
p2D = [402, 71]
p2D = [295, 121]
p2D = [240, 229]
p2D = [318, 93]
p2D = [254, 174]
p2D = [322, 271]
p2D = [326, 204]
p2D = [295, 342]
p2D = [251, 400]
p2D = [290, 182]
p2D = [355, 443]
p2D = [286, 382]
p2D = [264, 369]
p2D = [331, 324]
p2D = [234, 417]
p2D = [145, 338]
p2D = [353, 404]
p2D = [133, 369]
p2D = [430, 239]
p2D = [370, 72]
p2D = [374, 405]
p2D = [281, 236]
p2D = [235, 280]
p2D = [237, 444]
p2D = [406, 434]
p2D = [158, 358]
p2D = [185, 450]
p2D = [437, 282]
p2D = [156, 436]
p2D = [166, 378]
p2D = [327, 117]
p2D = [353, 109]
p2D = [271, 298]
p2D = [215, 456]
p2D = [392, 450]
p2D = [247, 318]
p2D = [244, 364]
p2D = [341, 164]
p2D = [353, 327]
p2D = [370, 18]
p2D = [186, 412]
p2D = [87, 322]
p2D = [165, 403]
p2D = [427, 48]
p2D = [164, 490]
p2D = [361, 183]
p2D = [364, 282]
 #visible 3D-points (47)
p3D = [-595.4722734200484, -6232.8196756107, -12417.609739499932]
p3D = [-317.28613765179483, -11722.832550521718, -22518.367548068774]
p3D = [70.024455322438286, -21150.58870268684, -37363.676010525087]
p3D = [35.429165171581325, 860.09198531405627, 1694.5267099474847]
p3D = [-40.378833665214678, -16172.333453021774, -29824.883012969844]
p3D = [20.430358807004019, 503.1049401451869, 859.64017667597909]
p3D = [25.974953564976946, 606.1498387078326, 1091.062883437379]
p3D = [729.26881913542297, 26192.084326460976, 42481.179352995139]
p3D = [-135.34586973760045, -18669.177521840295, -29158.769619338145]
p3D = [30.843520770754711, 1253.9575849381758, 2296.1851725855445]
p3D = [26.139421658025118, 472.52906092044424, 715.71863609705611]
p3D = [55.903314920546954, 2413.0330207724915, 3808.79934582035]
p3D = [-82.774572196666639, -6797.9743234566968, -10827.034402966568]
p3D = [-536.85776789523914, -11854.052365035153, -19409.847023626291]
p3D = [10.457765385416076, -23666.988522101081, -36546.182195162262]
p3D = [21.868560083437838, -435.09606409005835, -708.35969037318046]
p3D = [26.953192808603834, 493.71562844327775, 767.56035594094499]
p3D = [15.774567551401388, -293.16286070845405, -466.72795465172919]
p3D = [-739.52368942915552, -7391.4624425899583, -12813.647156961752]
p3D = [-495.68213467013152, -6750.1279432418278, -13511.529164914633]
p3D = [19.248816857639142, 294.92612221851039, 458.21178624246539]
p3D = [37.26877391821143, 1944.4406970989569, 3411.4925846941028]
p3D = [5.7923752140291063, -1383.1179824223827, -2347.9520727956124]
p3D = [0.068982064654119768, -5037.8266252368885, -7626.3895907330989]
p3D = [26.281979730737135, 325.76938516187289, 496.34607272334404]
p3D = [82.830384115463872, -1955.8313304467738, -3149.6336863425076]
p3D = [9.8272207382806869, -399.31047438605708, -602.04978356059587]
p3D = [33.406366826304712, 328.51501863881833, 556.63125015699234]
p3D = [13.9101554605071, -360.57323152789724, -548.99632681955291]
p3D = [147.62926761695701, -3889.5590468976352, -6182.0218456627608]
p3D = [41.33178942734007, 888.45578481791097, 1715.0796225260365]
p3D = [105.96255361596991, 1708.3407568625373, 3320.1250677921807]
p3D = [-156.7178097837124, -10055.888532958805, -16844.646726416602]
p3D = [3.766056591678856, -370.94735443367603, -557.13560194975219]
p3D = [24.587305937423274, 338.3143259276622, 510.06102256622455]
p3D = [-109.42764395533051, -27273.150496064005, -45059.754353243297]
p3D = [328.7124553400543, 85915.893352779836, 137561.17391988751]
p3D = [-202.73842505746515, -4118.163973811259, -7629.9864185290098]
p3D = [22496.515043732586, 398248.87085842883, 654302.80777000403]
p3D = [42.520250817659814, 544.65411232238, 1145.9034282556934]
p3D = [142.43543208327239, -5593.4748371406522, -8680.646949079337]
p3D = [22.111982650663474, -274.69516554178932, -451.93884353267839]
p3D = [10.989647721713753, -310.43126626205503, -483.06645156469324]
p3D = [68.738228938224921, 610.57422466487787, 1251.3324112104228]
p3D = [10.438708815102046, -321.5233064992039, -472.29715350039373]
p3D = [21.34003090359036, 342.85362319838976, 627.75780542285327]
p3D = [30.36415700315532, 481.51136449586454, 816.11631175910782]
#Camera2 (of 9)
id = 1
P  = 
 [3210.564776264608, -158.6870328871564, 329.3903908099616, 335.9123928481025;
  70.71093583955326, 2288.932505577265, -1075.64000171077, 162.2072086346001;
  -0.01217496443571304, 0.002578219710264986, 0.9999225585134655, 0.8764558384872555]
K  = 
 [3217.328669180762, -78.60664100822618, 289.8672403229193;
  0, 2292.424143977958, -1070.516234777778;
  0, 0, 1]
C  = 
 [0.9996092954764523, -0.02513041980666846, 0.01223594693562661, 0.03717099424699944;
  0.02516002062916458, 0.9996808564654353, -0.00227125042076078, 0.4800452899136619;
  -0.01217496443571304, 0.002578219710264986, 0.9999225585134655, 0.8764558384872555]
R  = 
 [0.9996092954764523, -0.02513041980666846, 0.01223594693562661;
  0.02516002062916458, 0.9996808564654353, -0.00227125042076078;
  -0.01217496443571304, 0.002578219710264986, 0.9999225585134655]
t  = [0.03717099424699944; 0.4800452899136619; 0.8764558384872555]
 #image points (47)
p2D = [404, 74]
p2D = [292, 117]
p2D = [234, 221]
p2D = [315, 91]
p2D = [250, 166]
p2D = [311, 271]
p2D = [317, 202]
p2D = [286, 337]
p2D = [241, 390]
p2D = [287, 177]
p2D = [342, 443]
p2D = [277, 376]
p2D = [255, 361]
p2D = [323, 323]
p2D = [223, 407]
p2D = [131, 321]
p2D = [339, 404]
p2D = [117, 350]
p2D = [424, 246]
p2D = [368, 74]
p2D = [362, 409]
p2D = [273, 231]
p2D = [228, 270]
p2D = [225, 435]
p2D = [397, 438]
p2D = [144, 342]
p2D = [170, 434]
p2D = [426, 288]
p2D = [143, 417]
p2D = [151, 361]
p2D = [324, 115]
p2D = [349, 106]
p2D = [264, 289]
p2D = [201, 440]
p2D = [379, 453]
p2D = [240, 309]
p2D = [236, 354]
p2D = [331, 163]
p2D = [345, 317]
p2D = [372, 21]
p2D = [170, 397]
p2D = [70, 302]
p2D = [153, 384]
p2D = [429, 50]
p2D = [148, 472]
p2D = [350, 184]
p2D = [354, 283]
 #visible 3D-points (47)
p3D = [-595.4722734200484, -6232.8196756107, -12417.609739499932]
p3D = [-317.28613765179483, -11722.832550521718, -22518.367548068774]
p3D = [70.024455322438286, -21150.58870268684, -37363.676010525087]
p3D = [35.429165171581325, 860.09198531405627, 1694.5267099474847]
p3D = [-40.378833665214678, -16172.333453021774, -29824.883012969844]
p3D = [20.430358807004019, 503.1049401451869, 859.64017667597909]
p3D = [25.974953564976946, 606.1498387078326, 1091.062883437379]
p3D = [729.26881913542297, 26192.084326460976, 42481.179352995139]
p3D = [-135.34586973760045, -18669.177521840295, -29158.769619338145]
p3D = [30.843520770754711, 1253.9575849381758, 2296.1851725855445]
p3D = [26.139421658025118, 472.52906092044424, 715.71863609705611]
p3D = [55.903314920546954, 2413.0330207724915, 3808.79934582035]
p3D = [-82.774572196666639, -6797.9743234566968, -10827.034402966568]
p3D = [-536.85776789523914, -11854.052365035153, -19409.847023626291]
p3D = [10.457765385416076, -23666.988522101081, -36546.182195162262]
p3D = [21.868560083437838, -435.09606409005835, -708.35969037318046]
p3D = [26.953192808603834, 493.71562844327775, 767.56035594094499]
p3D = [15.774567551401388, -293.16286070845405, -466.72795465172919]
p3D = [-739.52368942915552, -7391.4624425899583, -12813.647156961752]
p3D = [-495.68213467013152, -6750.1279432418278, -13511.529164914633]
p3D = [19.248816857639142, 294.92612221851039, 458.21178624246539]
p3D = [37.26877391821143, 1944.4406970989569, 3411.4925846941028]
p3D = [5.7923752140291063, -1383.1179824223827, -2347.9520727956124]
p3D = [0.068982064654119768, -5037.8266252368885, -7626.3895907330989]
p3D = [26.281979730737135, 325.76938516187289, 496.34607272334404]
p3D = [82.830384115463872, -1955.8313304467738, -3149.6336863425076]
p3D = [9.8272207382806869, -399.31047438605708, -602.04978356059587]
p3D = [33.406366826304712, 328.51501863881833, 556.63125015699234]
p3D = [13.9101554605071, -360.57323152789724, -548.99632681955291]
p3D = [147.62926761695701, -3889.5590468976352, -6182.0218456627608]
p3D = [41.33178942734007, 888.45578481791097, 1715.0796225260365]
p3D = [105.96255361596991, 1708.3407568625373, 3320.1250677921807]
p3D = [-156.7178097837124, -10055.888532958805, -16844.646726416602]
p3D = [3.766056591678856, -370.94735443367603, -557.13560194975219]
p3D = [24.587305937423274, 338.3143259276622, 510.06102256622455]
p3D = [-109.42764395533051, -27273.150496064005, -45059.754353243297]
p3D = [328.7124553400543, 85915.893352779836, 137561.17391988751]
p3D = [-202.73842505746515, -4118.163973811259, -7629.9864185290098]
p3D = [22496.515043732586, 398248.87085842883, 654302.80777000403]
p3D = [42.520250817659814, 544.65411232238, 1145.9034282556934]
p3D = [142.43543208327239, -5593.4748371406522, -8680.646949079337]
p3D = [22.111982650663474, -274.69516554178932, -451.93884353267839]
p3D = [10.989647721713753, -310.43126626205503, -483.06645156469324]
p3D = [68.738228938224921, 610.57422466487787, 1251.3324112104228]
p3D = [10.438708815102046, -321.5233064992039, -472.29715350039373]
p3D = [21.34003090359036, 342.85362319838976, 627.75780542285327]
p3D = [30.36415700315532, 481.51136449586454, 816.11631175910782]
#Camera3 (of 9)
id = 2
P  = 
 [3193.334756893888, -289.2808652130022, 400.4191528767661, -298.570031438788;
  188.2565795884976, 2280.933730612953, -1078.477742751135, 137.9566022943519;
  -0.03399994785256948, 0.006014713978939267, 0.9994037356152788, -0.01883239173096862]
K  = 
 [3217.328669180762, -78.60664100822618, 289.8672403229193;
  0, 2292.424143977958, -1070.516234777778;
  0, 0, 1]
C  = 
 [0.9972240225379339, -0.06607683934891437, 0.03432346391202636, -0.08984843181073712;
  0.06624388590115296, 0.9977964093528345, -0.003751408176367281, 0.05138500286524106;
  -0.03399994785256948, 0.006014713978939267, 0.9994037356152788, -0.01883239173096862]
R  = 
 [0.9972240225379339, -0.06607683934891437, 0.03432346391202636;
  0.06624388590115296, 0.9977964093528345, -0.003751408176367281;
  -0.03399994785256948, 0.006014713978939267, 0.9994037356152788]
t  = [-0.08984843181073712; 0.05138500286524106; -0.01883239173096862]
 #image points (26)
p2D = [403, 78]
p2D = [232, 212]
p2D = [294, 113]
p2D = [248, 159]
p2D = [125, 303]
p2D = [233, 380]
p2D = [278, 331]
p2D = [282, 173]
p2D = [309, 200]
p2D = [216, 395]
p2D = [259, 283]
p2D = [415, 251]
p2D = [136, 325]
p2D = [376, 72]
p2D = [310, 320]
p2D = [414, 294]
p2D = [164, 381]
p2D = [139, 345]
p2D = [322, 161]
p2D = [331, 316]
p2D = [133, 399]
p2D = [236, 301]
p2D = [232, 344]
p2D = [380, 22]
p2D = [341, 187]
p2D = [139, 453]
 #visible 3D-points (26)
p3D = [-595.4722734200484, -6232.8196756107, -12417.609739499932]
p3D = [70.024455322438286, -21150.58870268684, -37363.676010525087]
p3D = [-317.28613765179483, -11722.832550521718, -22518.367548068774]
p3D = [-40.378833665214678, -16172.333453021774, -29824.883012969844]
p3D = [21.868560083437838, -435.09606409005835, -708.35969037318046]
p3D = [-135.34586973760045, -18669.177521840295, -29158.769619338145]
p3D = [729.26881913542297, 26192.084326460976, 42481.179352995139]
p3D = [30.843520770754711, 1253.9575849381758, 2296.1851725855445]
p3D = [25.974953564976946, 606.1498387078326, 1091.062883437379]
p3D = [10.457765385416076, -23666.988522101081, -36546.182195162262]
p3D = [-156.7178097837124, -10055.888532958805, -16844.646726416602]
p3D = [-739.52368942915552, -7391.4624425899583, -12813.647156961752]
p3D = [82.830384115463872, -1955.8313304467738, -3149.6336863425076]
p3D = [-495.68213467013152, -6750.1279432418278, -13511.529164914633]
p3D = [-536.85776789523914, -11854.052365035153, -19409.847023626291]
p3D = [33.406366826304712, 328.51501863881833, 556.63125015699234]
p3D = [142.43543208327239, -5593.4748371406522, -8680.646949079337]
p3D = [147.62926761695701, -3889.5590468976352, -6182.0218456627608]
p3D = [-202.73842505746515, -4118.163973811259, -7629.9864185290098]
p3D = [22496.515043732586, 398248.87085842883, 654302.80777000403]
p3D = [13.9101554605071, -360.57323152789724, -548.99632681955291]
p3D = [-109.42764395533051, -27273.150496064005, -45059.754353243297]
p3D = [328.7124553400543, 85915.893352779836, 137561.17391988751]
p3D = [42.520250817659814, 544.65411232238, 1145.9034282556934]
p3D = [21.34003090359036, 342.85362319838976, 627.75780542285327]
p3D = [10.438708815102046, -321.5233064992039, -472.29715350039373]
#Camera4 (of 9)
id = 3
P  = 
 [3180.449446831588, -356.2089375536892, 446.3880548480177, 1545.910659165156;
  252.2865794289913, 2272.702405070106, -1082.76900798113, 117.946443536548;
  -0.0479095828968264, 0.01013799283956121, 0.998800226756, 0.7646549992922014]
K  = 
 [3217.328669180762, -78.60664100822618, 289.8672403229193;
  0, 2292.424143977958, -1070.516234777778;
  0, 0, 1]
C  = 
 [0.9949959687759559, -0.0872913861603046, 0.04861312602383888, 0.4215843224668415;
  0.08767949581429615, 0.9961312338258437, -0.0059051681054169, 0.4085291270130004;
  -0.0479095828968264, 0.01013799283956121, 0.998800226756, 0.7646549992922014]
R  = 
 [0.9949959687759559, -0.0872913861603046, 0.04861312602383888;
  0.08767949581429615, 0.9961312338258437, -0.0059051681054169;
  -0.0479095828968264, 0.01013799283956121, 0.998800226756]
t  = [0.4215843224668415; 0.4085291270130004; 0.7646549992922014]
 #image points (17)
p2D = [400, 81]
p2D = [233, 203]
p2D = [297, 109]
p2D = [255, 275]
p2D = [250, 152]
p2D = [135, 307]
p2D = [213, 383]
p2D = [124, 284]
p2D = [231, 366]
p2D = [405, 256]
p2D = [368, 73]
p2D = [306, 314]
p2D = [313, 159]
p2D = [236, 291]
p2D = [162, 365]
p2D = [142, 328]
p2D = [232, 335]
 #visible 3D-points (17)
p3D = [-595.4722734200484, -6232.8196756107, -12417.609739499932]
p3D = [70.024455322438286, -21150.58870268684, -37363.676010525087]
p3D = [-317.28613765179483, -11722.832550521718, -22518.367548068774]
p3D = [-156.7178097837124, -10055.888532958805, -16844.646726416602]
p3D = [-40.378833665214678, -16172.333453021774, -29824.883012969844]
p3D = [82.830384115463872, -1955.8313304467738, -3149.6336863425076]
p3D = [10.457765385416076, -23666.988522101081, -36546.182195162262]
p3D = [21.868560083437838, -435.09606409005835, -708.35969037318046]
p3D = [-135.34586973760045, -18669.177521840295, -29158.769619338145]
p3D = [-739.52368942915552, -7391.4624425899583, -12813.647156961752]
p3D = [-495.68213467013152, -6750.1279432418278, -13511.529164914633]
p3D = [-536.85776789523914, -11854.052365035153, -19409.847023626291]
p3D = [-202.73842505746515, -4118.163973811259, -7629.9864185290098]
p3D = [-109.42764395533051, -27273.150496064005, -45059.754353243297]
p3D = [142.43543208327239, -5593.4748371406522, -8680.646949079337]
p3D = [147.62926761695701, -3889.5590468976352, -6182.0218456627608]
p3D = [328.7124553400543, 85915.893352779836, 137561.17391988751]
#Camera5 (of 9)
id = 4
P  = 
 [3175.025071274502, -379.102076800547, 465.728674980753, 3378.655981655768;
  275.9155025649964, 2267.050846589792, -1088.836332621517, 400.0803222347172;
  -0.05350991680208293, 0.01385925290239404, 0.9984711362442189, 1.48841602061764]
K  = 
 [3217.328669180762, -78.60664100822618, 289.8672403229193;
  0, 2292.424143977958, -1070.516234777778;
  0, 0, 1]
C  = 
 [0.9940024837057182, -0.09476000519120902, 0.05458574725168926, 0.937289370331841;
  0.09537164772980188, 0.9954036681292416, -0.008705531813338788, 0.8695833367685921;
  -0.05350991680208293, 0.01385925290239404, 0.9984711362442189, 1.48841602061764]
R  = 
 [0.9940024837057182, -0.09476000519120902, 0.05458574725168926;
  0.09537164772980188, 0.9954036681292416, -0.008705531813338788;
  -0.05350991680208293, 0.01385925290239404, 0.9984711362442189]
t  = [0.937289370331841; 0.8695833367685921; 1.48841602061764]
 #image points (12)
p2D = [397, 85]
p2D = [239, 194]
p2D = [255, 145]
p2D = [256, 267]
p2D = [142, 289]
p2D = [215, 371]
p2D = [364, 74]
p2D = [148, 313]
p2D = [132, 266]
p2D = [239, 281]
p2D = [230, 357]
p2D = [307, 157]
 #visible 3D-points (12)
p3D = [-595.4722734200484, -6232.8196756107, -12417.609739499932]
p3D = [70.024455322438286, -21150.58870268684, -37363.676010525087]
p3D = [-40.378833665214678, -16172.333453021774, -29824.883012969844]
p3D = [-156.7178097837124, -10055.888532958805, -16844.646726416602]
p3D = [82.830384115463872, -1955.8313304467738, -3149.6336863425076]
p3D = [10.457765385416076, -23666.988522101081, -36546.182195162262]
p3D = [-495.68213467013152, -6750.1279432418278, -13511.529164914633]
p3D = [147.62926761695701, -3889.5590468976352, -6182.0218456627608]
p3D = [21.868560083437838, -435.09606409005835, -708.35969037318046]
p3D = [-109.42764395533051, -27273.150496064005, -45059.754353243297]
p3D = [-135.34586973760045, -18669.177521840295, -29158.769619338145]
p3D = [-202.73842505746515, -4118.163973811259, -7629.9864185290098]
#Camera6 (of 9)
id = 5
P  = 
 [3169.708824973106, -396.9498042831785, 486.6031281471981, 3715.480674909337;
  296.5071841399071, 2261.761535461238, -1094.409297875941, 280.6448753084671;
  -0.05958701907802147, 0.01744198973263275, 0.9980707210170842, 0.5922957424690817]
K  = 
 [3217.328669180762, -78.60664100822618, 289.8672403229193;
  0, 2292.424143977958, -1070.516234777778;
  0, 0, 1]
C  = 
 [0.9930477517363139, -0.1006456645275077, 0.06104599072231269, 1.11121958105857;
  0.1015162545056102, 0.9947694341936644, -0.01132355355747803, 0.3990130211349632;
  -0.05958701907802147, 0.01744198973263275, 0.9980707210170842, 0.5922957424690817]
R  = 
 [0.9930477517363139, -0.1006456645275077, 0.06104599072231269;
  0.1015162545056102, 0.9947694341936644, -0.01132355355747803;
  -0.05958701907802147, 0.01744198973263275, 0.9980707210170842]
t  = [1.11121958105857; 0.3990130211349632; 0.5922957424690817]
 #image points (8)
p2D = [391, 87]
p2D = [247, 186]
p2D = [263, 138]
p2D = [148, 246]
p2D = [365, 74]
p2D = [159, 295]
p2D = [155, 272]
p2D = [246, 272]
 #visible 3D-points (8)
p3D = [-595.4722734200484, -6232.8196756107, -12417.609739499932]
p3D = [70.024455322438286, -21150.58870268684, -37363.676010525087]
p3D = [-40.378833665214678, -16172.333453021774, -29824.883012969844]
p3D = [21.868560083437838, -435.09606409005835, -708.35969037318046]
p3D = [-495.68213467013152, -6750.1279432418278, -13511.529164914633]
p3D = [147.62926761695701, -3889.5590468976352, -6182.0218456627608]
p3D = [82.830384115463872, -1955.8313304467738, -3149.6336863425076]
p3D = [-109.42764395533051, -27273.150496064005, -45059.754353243297]
#Camera7 (of 9)
id = 6
P  = 
 [3181.25596845005, -327.4787462400896, 462.3569189678316, 7163.230155880548;
  239.3573214790826, 2263.62289814452, -1104.505732201525, -142.4369132227011;
  -0.0519622403498715, 0.01975552641774153, 0.9984536267417632, 0.4134532714086844]
K  = 
 [3217.328669180762, -78.60664100822618, 289.8672403229193;
  0, 2292.424143977958, -1070.516234777778;
  0, 0, 1]
C  = 
 [0.9954277398419742, -0.07921509371228459, 0.05337212457128725, 2.192401562815312;
  0.08014699202665825, 0.9966617721695319, -0.01554900527258557, 0.1309406581372861;
  -0.0519622403498715, 0.01975552641774153, 0.9984536267417632, 0.4134532714086844]
R  = 
 [0.9954277398419742, -0.07921509371228459, 0.05337212457128725;
  0.08014699202665825, 0.9966617721695319, -0.01554900527258557;
  -0.0519622403498715, 0.01975552641774153, 0.9984536267417632]
t  = [2.192401562815312; 0.1309406581372861; 0.4134532714086844]
 #image points (7)
p2D = [385, 90]
p2D = [259, 178]
p2D = [273, 132]
p2D = [356, 76]
p2D = [174, 256]
p2D = [169, 231]
p2D = [176, 279]
 #visible 3D-points (7)
p3D = [-595.4722734200484, -6232.8196756107, -12417.609739499932]
p3D = [70.024455322438286, -21150.58870268684, -37363.676010525087]
p3D = [-40.378833665214678, -16172.333453021774, -29824.883012969844]
p3D = [-495.68213467013152, -6750.1279432418278, -13511.529164914633]
p3D = [82.830384115463872, -1955.8313304467738, -3149.6336863425076]
p3D = [21.868560083437838, -435.09606409005835, -708.35969037318046]
p3D = [147.62926761695701, -3889.5590468976352, -6182.0218456627608]
#Camera8 (of 9)
id = 7
P  = 
 [3203.936732120582, -166.7356949478859, 385.2199516564644, 10147.97209556884;
  98.480363602842, 2271.902720651809, -1109.04152793997, 228.2735968560065;
  -0.02875929735053412, 0.01792354560023406, 0.9994256597311377, 0.2882152119152949]
K  = 
 [3217.328669180762, -78.60664100822618, 289.8672403229193;
  0, 2292.424143977958, -1070.516234777778;
  0, 0, 1]
C  = 
 [0.9991501083461847, -0.02902104632904968, 0.02927182710003827, 3.133915168097431;
  0.0295290333013281, 0.9994180933838868, -0.01707368762762085, 0.2341681236133451;
  -0.02875929735053412, 0.01792354560023406, 0.9994256597311377, 0.2882152119152949]
R  = 
 [0.9991501083461847, -0.02902104632904968, 0.02927182710003827;
  0.0295290333013281, 0.9994180933838868, -0.01707368762762085;
  -0.02875929735053412, 0.01792354560023406, 0.9994256597311377]
t  = [3.133915168097431; 0.2341681236133451; 0.2882152119152949]
 #image points (5)
p2D = [377, 93]
p2D = [197, 242]
p2D = [351, 76]
p2D = [194, 217]
p2D = [199, 265]
 #visible 3D-points (5)
p3D = [-595.4722734200484, -6232.8196756107, -12417.609739499932]
p3D = [82.830384115463872, -1955.8313304467738, -3149.6336863425076]
p3D = [-495.68213467013152, -6750.1279432418278, -13511.529164914633]
p3D = [21.868560083437838, -435.09606409005835, -708.35969037318046]
p3D = [147.62926761695701, -3889.5590468976352, -6182.0218456627608]
#Camera9 (of 9)
id = 8
P  = 
 [3203.534294590291, -257.5207275332443, 335.3459181652804, 12530.14483947462;
  141.8896185409628, 2294.805275461565, -1055.911714434467, 497.5166797375033;
  -0.01462702681810682, -0.005515990782634449, 0.999877804500204, -0.375298058781343]
K  = 
 [3217.328669180762, -78.60664100822618, 289.8672403229193;
  0, 2292.424143977958, -1070.516234777778;
  0, 0, 1]
C  = 
 [0.998375657188989, -0.05515010458934465, 0.01430080753799681, 3.929413539250285;
  0.05506448237218674, 0.9984628384719535, 0.006313712981510788, 0.04176976375991766;
  -0.01462702681810682, -0.005515990782634449, 0.999877804500204, -0.375298058781343]
R  = 
 [0.998375657188989, -0.05515010458934465, 0.01430080753799681;
  0.05506448237218674, 0.9984628384719535, 0.006313712981510788;
  -0.01462702681810682, -0.005515990782634449, 0.999877804500204]
t  = [3.929413539250285; 0.04176976375991766; -0.375298058781343]
 #image points (2)
p2D = [369, 95]
p2D = [223, 205]
 #visible 3D-points (2)
p3D = [-595.4722734200484, -6232.8196756107, -12417.609739499932]
p3D = [21.868560083437838, -435.09606409005835, -708.35969037318046]

#Camera pair (8)
C1.id = 0
C2.id = 1
 F = 
 [8.225423193702361e-006, 8.680185218805317e-005, -0.01921706376443627;
  -8.77887820244802e-005, 2.780366430656067e-006, 0.03313155447453593;
  0.0135242083159839, -0.03341038330481218, 1]
 E = 
 [85.14303153574987, 638.1252539755343, -353.1197581106674;
  -649.5648121201276, 14.84007462113046, 19.42033040695763;
  353.545186791084, -34.37220017301758, 3.832009036026001]
 #point pairs (47)
p2D 1 = [402, 71]
p2D 2 = [404, 74]
p2D 1 = [295, 121]
p2D 2 = [292, 117]
p2D 1 = [240, 229]
p2D 2 = [234, 221]
p2D 1 = [318, 93]
p2D 2 = [315, 91]
p2D 1 = [254, 174]
p2D 2 = [250, 166]
p2D 1 = [322, 271]
p2D 2 = [311, 271]
p2D 1 = [326, 204]
p2D 2 = [317, 202]
p2D 1 = [295, 342]
p2D 2 = [286, 337]
p2D 1 = [251, 400]
p2D 2 = [241, 390]
p2D 1 = [290, 182]
p2D 2 = [287, 177]
p2D 1 = [355, 443]
p2D 2 = [342, 443]
p2D 1 = [286, 382]
p2D 2 = [277, 376]
p2D 1 = [264, 369]
p2D 2 = [255, 361]
p2D 1 = [331, 324]
p2D 2 = [323, 323]
p2D 1 = [234, 417]
p2D 2 = [223, 407]
p2D 1 = [145, 338]
p2D 2 = [131, 321]
p2D 1 = [353, 404]
p2D 2 = [339, 404]
p2D 1 = [133, 369]
p2D 2 = [117, 350]
p2D 1 = [430, 239]
p2D 2 = [424, 246]
p2D 1 = [370, 72]
p2D 2 = [368, 74]
p2D 1 = [374, 405]
p2D 2 = [362, 409]
p2D 1 = [281, 236]
p2D 2 = [273, 231]
p2D 1 = [235, 280]
p2D 2 = [228, 270]
p2D 1 = [237, 444]
p2D 2 = [225, 435]
p2D 1 = [406, 434]
p2D 2 = [397, 438]
p2D 1 = [158, 358]
p2D 2 = [144, 342]
p2D 1 = [185, 450]
p2D 2 = [170, 434]
p2D 1 = [437, 282]
p2D 2 = [426, 288]
p2D 1 = [156, 436]
p2D 2 = [143, 417]
p2D 1 = [166, 378]
p2D 2 = [151, 361]
p2D 1 = [327, 117]
p2D 2 = [324, 115]
p2D 1 = [353, 109]
p2D 2 = [349, 106]
p2D 1 = [271, 298]
p2D 2 = [264, 289]
p2D 1 = [215, 456]
p2D 2 = [201, 440]
p2D 1 = [392, 450]
p2D 2 = [379, 453]
p2D 1 = [247, 318]
p2D 2 = [240, 309]
p2D 1 = [244, 364]
p2D 2 = [236, 354]
p2D 1 = [341, 164]
p2D 2 = [331, 163]
p2D 1 = [353, 327]
p2D 2 = [345, 317]
p2D 1 = [370, 18]
p2D 2 = [372, 21]
p2D 1 = [186, 412]
p2D 2 = [170, 397]
p2D 1 = [87, 322]
p2D 2 = [70, 302]
p2D 1 = [165, 403]
p2D 2 = [153, 384]
p2D 1 = [427, 48]
p2D 2 = [429, 50]
p2D 1 = [164, 490]
p2D 2 = [148, 472]
p2D 1 = [361, 183]
p2D 2 = [350, 184]
p2D 1 = [364, 282]
p2D 2 = [354, 283]
 #point 3Ds (47)
p3D = [-595.4722734200484, -6232.8196756107, -12417.609739499932]
p3D = [-317.28613765179483, -11722.832550521718, -22518.367548068774]
p3D = [70.024455322438286, -21150.58870268684, -37363.676010525087]
p3D = [35.429165171581325, 860.09198531405627, 1694.5267099474847]
p3D = [-40.378833665214678, -16172.333453021774, -29824.883012969844]
p3D = [20.430358807004019, 503.1049401451869, 859.64017667597909]
p3D = [25.974953564976946, 606.1498387078326, 1091.062883437379]
p3D = [729.26881913542297, 26192.084326460976, 42481.179352995139]
p3D = [-135.34586973760045, -18669.177521840295, -29158.769619338145]
p3D = [30.843520770754711, 1253.9575849381758, 2296.1851725855445]
p3D = [26.139421658025118, 472.52906092044424, 715.71863609705611]
p3D = [55.903314920546954, 2413.0330207724915, 3808.79934582035]
p3D = [-82.774572196666639, -6797.9743234566968, -10827.034402966568]
p3D = [-536.85776789523914, -11854.052365035153, -19409.847023626291]
p3D = [10.457765385416076, -23666.988522101081, -36546.182195162262]
p3D = [21.868560083437838, -435.09606409005835, -708.35969037318046]
p3D = [26.953192808603834, 493.71562844327775, 767.56035594094499]
p3D = [15.774567551401388, -293.16286070845405, -466.72795465172919]
p3D = [-739.52368942915552, -7391.4624425899583, -12813.647156961752]
p3D = [-495.68213467013152, -6750.1279432418278, -13511.529164914633]
p3D = [19.248816857639142, 294.92612221851039, 458.21178624246539]
p3D = [37.26877391821143, 1944.4406970989569, 3411.4925846941028]
p3D = [5.7923752140291063, -1383.1179824223827, -2347.9520727956124]
p3D = [0.068982064654119768, -5037.8266252368885, -7626.3895907330989]
p3D = [26.281979730737135, 325.76938516187289, 496.34607272334404]
p3D = [82.830384115463872, -1955.8313304467738, -3149.6336863425076]
p3D = [9.8272207382806869, -399.31047438605708, -602.04978356059587]
p3D = [33.406366826304712, 328.51501863881833, 556.63125015699234]
p3D = [13.9101554605071, -360.57323152789724, -548.99632681955291]
p3D = [147.62926761695701, -3889.5590468976352, -6182.0218456627608]
p3D = [41.33178942734007, 888.45578481791097, 1715.0796225260365]
p3D = [105.96255361596991, 1708.3407568625373, 3320.1250677921807]
p3D = [-156.7178097837124, -10055.888532958805, -16844.646726416602]
p3D = [3.766056591678856, -370.94735443367603, -557.13560194975219]
p3D = [24.587305937423274, 338.3143259276622, 510.06102256622455]
p3D = [-109.42764395533051, -27273.150496064005, -45059.754353243297]
p3D = [328.7124553400543, 85915.893352779836, 137561.17391988751]
p3D = [-202.73842505746515, -4118.163973811259, -7629.9864185290098]
p3D = [22496.515043732586, 398248.87085842883, 654302.80777000403]
p3D = [42.520250817659814, 544.65411232238, 1145.9034282556934]
p3D = [142.43543208327239, -5593.4748371406522, -8680.646949079337]
p3D = [22.111982650663474, -274.69516554178932, -451.93884353267839]
p3D = [10.989647721713753, -310.43126626205503, -483.06645156469324]
p3D = [68.738228938224921, 610.57422466487787, 1251.3324112104228]
p3D = [10.438708815102046, -321.5233064992039, -472.29715350039373]
p3D = [21.34003090359036, 342.85362319838976, 627.75780542285327]
p3D = [30.36415700315532, 481.51136449586454, 816.11631175910782]
C1.id = 1
C2.id = 2
 F = 
 [3.791594840046337e-006, 4.668349437634154e-005, -0.004187754295706083;
  -4.443748639708598e-005, 3.144268308969519e-006, 0.03036656952975617;
  0.0001197343243091895, -0.03181897869448237, 1]
 E = 
 [39.24757078566107, 343.3543615257685, -170.7247589446897;
  -328.7067847325183, 16.14248358192378, 36.53932293237222;
  156.9729641164078, -53.47295865088481, 4.600617021175232]
 #point pairs (26)
p2D 1 = [404, 74]
p2D 2 = [403, 78]
p2D 1 = [234, 221]
p2D 2 = [232, 212]
p2D 1 = [292, 117]
p2D 2 = [294, 113]
p2D 1 = [250, 166]
p2D 2 = [248, 159]
p2D 1 = [131, 321]
p2D 2 = [125, 303]
p2D 1 = [241, 390]
p2D 2 = [233, 380]
p2D 1 = [286, 337]
p2D 2 = [278, 331]
p2D 1 = [287, 177]
p2D 2 = [282, 173]
p2D 1 = [317, 202]
p2D 2 = [309, 200]
p2D 1 = [223, 407]
p2D 2 = [216, 395]
p2D 1 = [264, 289]
p2D 2 = [259, 283]
p2D 1 = [424, 246]
p2D 2 = [415, 251]
p2D 1 = [144, 342]
p2D 2 = [136, 325]
p2D 1 = [368, 74]
p2D 2 = [376, 72]
p2D 1 = [323, 323]
p2D 2 = [310, 320]
p2D 1 = [426, 288]
p2D 2 = [414, 294]
p2D 1 = [170, 397]
p2D 2 = [164, 381]
p2D 1 = [151, 361]
p2D 2 = [139, 345]
p2D 1 = [331, 163]
p2D 2 = [322, 161]
p2D 1 = [345, 317]
p2D 2 = [331, 316]
p2D 1 = [143, 417]
p2D 2 = [133, 399]
p2D 1 = [240, 309]
p2D 2 = [236, 301]
p2D 1 = [236, 354]
p2D 2 = [232, 344]
p2D 1 = [372, 21]
p2D 2 = [380, 22]
p2D 1 = [350, 184]
p2D 2 = [341, 187]
p2D 1 = [148, 472]
p2D 2 = [139, 453]
 #point 3Ds (26)
p3D = [-595.4722734200484, -6232.8196756107, -12417.609739499932]
p3D = [70.024455322438286, -21150.58870268684, -37363.676010525087]
p3D = [-317.28613765179483, -11722.832550521718, -22518.367548068774]
p3D = [-40.378833665214678, -16172.333453021774, -29824.883012969844]
p3D = [21.868560083437838, -435.09606409005835, -708.35969037318046]
p3D = [-135.34586973760045, -18669.177521840295, -29158.769619338145]
p3D = [729.26881913542297, 26192.084326460976, 42481.179352995139]
p3D = [30.843520770754711, 1253.9575849381758, 2296.1851725855445]
p3D = [25.974953564976946, 606.1498387078326, 1091.062883437379]
p3D = [10.457765385416076, -23666.988522101081, -36546.182195162262]
p3D = [-156.7178097837124, -10055.888532958805, -16844.646726416602]
p3D = [-739.52368942915552, -7391.4624425899583, -12813.647156961752]
p3D = [82.830384115463872, -1955.8313304467738, -3149.6336863425076]
p3D = [-495.68213467013152, -6750.1279432418278, -13511.529164914633]
p3D = [-536.85776789523914, -11854.052365035153, -19409.847023626291]
p3D = [33.406366826304712, 328.51501863881833, 556.63125015699234]
p3D = [142.43543208327239, -5593.4748371406522, -8680.646949079337]
p3D = [147.62926761695701, -3889.5590468976352, -6182.0218456627608]
p3D = [-202.73842505746515, -4118.163973811259, -7629.9864185290098]
p3D = [22496.515043732586, 398248.87085842883, 654302.80777000403]
p3D = [13.9101554605071, -360.57323152789724, -548.99632681955291]
p3D = [-109.42764395533051, -27273.150496064005, -45059.754353243297]
p3D = [328.7124553400543, 85915.893352779836, 137561.17391988751]
p3D = [42.520250817659814, 544.65411232238, 1145.9034282556934]
p3D = [21.34003090359036, 342.85362319838976, 627.75780542285327]
p3D = [10.438708815102046, -321.5233064992039, -472.29715350039373]
C1.id = 2
C2.id = 3
 F = 
 [1.19265086242842e-006, 1.705939260374294e-005, -0.002734897482840421;
  -1.923686805015299e-005, 8.948468215689248e-007, 0.04582861065085855;
  -0.0005377429640541143, -0.04519116086380398, 1]
 E = 
 [12.34537209813459, 125.519616263162, -66.44280395128349;
  -142.1827979656845, 5.102356534503771, 91.7030657454476;
  65.63783860611062, -96.06106932728775, 1.170364613497412]
 #point pairs (17)
p2D 1 = [403, 78]
p2D 2 = [400, 81]
p2D 1 = [232, 212]
p2D 2 = [233, 203]
p2D 1 = [294, 113]
p2D 2 = [297, 109]
p2D 1 = [259, 283]
p2D 2 = [255, 275]
p2D 1 = [248, 159]
p2D 2 = [250, 152]
p2D 1 = [136, 325]
p2D 2 = [135, 307]
p2D 1 = [216, 395]
p2D 2 = [213, 383]
p2D 1 = [125, 303]
p2D 2 = [124, 284]
p2D 1 = [233, 380]
p2D 2 = [231, 366]
p2D 1 = [415, 251]
p2D 2 = [405, 256]
p2D 1 = [376, 72]
p2D 2 = [368, 73]
p2D 1 = [310, 320]
p2D 2 = [306, 314]
p2D 1 = [322, 161]
p2D 2 = [313, 159]
p2D 1 = [236, 301]
p2D 2 = [236, 291]
p2D 1 = [164, 381]
p2D 2 = [162, 365]
p2D 1 = [139, 345]
p2D 2 = [142, 328]
p2D 1 = [232, 344]
p2D 2 = [232, 335]
 #point 3Ds (17)
p3D = [-595.4722734200484, -6232.8196756107, -12417.609739499932]
p3D = [70.024455322438286, -21150.58870268684, -37363.676010525087]
p3D = [-317.28613765179483, -11722.832550521718, -22518.367548068774]
p3D = [-156.7178097837124, -10055.888532958805, -16844.646726416602]
p3D = [-40.378833665214678, -16172.333453021774, -29824.883012969844]
p3D = [82.830384115463872, -1955.8313304467738, -3149.6336863425076]
p3D = [10.457765385416076, -23666.988522101081, -36546.182195162262]
p3D = [21.868560083437838, -435.09606409005835, -708.35969037318046]
p3D = [-135.34586973760045, -18669.177521840295, -29158.769619338145]
p3D = [-739.52368942915552, -7391.4624425899583, -12813.647156961752]
p3D = [-495.68213467013152, -6750.1279432418278, -13511.529164914633]
p3D = [-536.85776789523914, -11854.052365035153, -19409.847023626291]
p3D = [-202.73842505746515, -4118.163973811259, -7629.9864185290098]
p3D = [-109.42764395533051, -27273.150496064005, -45059.754353243297]
p3D = [142.43543208327239, -5593.4748371406522, -8680.646949079337]
p3D = [147.62926761695701, -3889.5590468976352, -6182.0218456627608]
p3D = [328.7124553400543, 85915.893352779836, 137561.17391988751]
C1.id = 3
C2.id = 4
 F = 
 [1.205977153126213e-006, 1.506492125101887e-005, -0.006602859769464336;
  -1.558522466039153e-005, -6.001470008238406e-008, 0.03845607528525161;
