#Unique 3D-points (47)
p3D = [-594.59839879771653, -6223.6530316361077, -12399.34685705355]
  C1.id = 0
  C2.id = 1
   p2D1 = [402, 71]
   p2D2 = [404, 74]
p3D = [-316.98717853597992, -11711.901855242602, -22497.366965408004]
  C1.id = 0
  C2.id = 1
   p2D1 = [295, 121]
   p2D2 = [292, 117]
p3D = [69.894764102324132, -21113.109558732456, -37297.523732083107]
  C1.id = 0
  C2.id = 1
   p2D1 = [240, 229]
   p2D2 = [234, 221]
p3D = [35.372650673179294, 858.71974044708088, 1691.8244978368693]
  C1.id = 0
  C2.id = 1
   p2D1 = [318, 93]
   p2D2 = [315, 91]
p3D = [-40.322425936352019, -16153.250330852592, -29789.69300353172]
  C1.id = 0
  C2.id = 1
   p2D1 = [254, 174]
   p2D2 = [250, 166]
p3D = [20.407042931858243, 502.53048931686106, 858.65866083988521]
  C1.id = 0
  C2.id = 1
   p2D1 = [322, 271]
   p2D2 = [311, 271]
p3D = [25.945712437773103, 605.46797529705805, 1089.835545736755]
  C1.id = 0
  C2.id = 1
   p2D1 = [326, 204]
   p2D2 = [317, 202]
p3D = [728.50344999362244, 26164.645003937883, 42436.688066140334]
  C1.id = 0
  C2.id = 1
   p2D1 = [295, 342]
   p2D2 = [286, 337]
p3D = [-135.09600559226493, -18635.253636272661, -29105.794177931497]
  C1.id = 0
  C2.id = 1
   p2D1 = [251, 400]
   p2D2 = [241, 390]
p3D = [30.829888570207988, 1253.4101365645956, 2295.180493434827]
  C1.id = 0
  C2.id = 1
   p2D1 = [290, 182]
   p2D2 = [287, 177]
p3D = [26.108946357308085, 471.97811718684375, 714.88419045122737]
  C1.id = 0
  C2.id = 1
   p2D1 = [355, 443]
   p2D2 = [342, 443]
p3D = [56.119048507659066, 2422.3305449308114, 3823.4683029969251]
  C1.id = 0
  C2.id = 1
   p2D1 = [286, 382]
   p2D2 = [277, 376]
p3D = [-82.408535219574006, -6767.9102101335557, -10779.149456993338]
  C1.id = 0
  C2.id = 1
   p2D1 = [264, 369]
   p2D2 = [255, 361]
p3D = [-535.89481007996369, -11832.749106357609, -19374.970727624808]
  C1.id = 0
  C2.id = 1
   p2D1 = [331, 324]
   p2D2 = [323, 323]
p3D = [10.436692697554879, -23614.359326608286, -36464.912438342813]
  C1.id = 0
  C2.id = 1
   p2D1 = [234, 417]
   p2D2 = [223, 407]
p3D = [21.8343870344472, -434.41759541031365, -707.25447211103835]
  C1.id = 0
  C2.id = 1
   p2D1 = [145, 338]
   p2D2 = [131, 321]
p3D = [26.921498680398546, 493.13501565749584, 766.65776787076061]
  C1.id = 0
  C2.id = 1
   p2D1 = [353, 404]
   p2D2 = [339, 404]
p3D = [15.753705581145759, -292.77506944245567, -466.11056703502771]
  C1.id = 0
  C2.id = 1
   p2D1 = [133, 369]
   p2D2 = [117, 350]
p3D = [-738.59079544461815, -7382.1805041989173, -12797.557060952859]
  C1.id = 0
  C2.id = 1
   p2D1 = [430, 239]
   p2D2 = [424, 246]
p3D = [-494.9608417167488, -6740.2748684216813, -13491.807886602463]
  C1.id = 0
  C2.id = 1
   p2D1 = [370, 72]
   p2D2 = [368, 74]
p3D = [19.2262640750291, 294.58040203002128, 457.67465367247928]
  C1.id = 0
  C2.id = 1
   p2D1 = [374, 405]
   p2D2 = [362, 409]
p3D = [37.274561371231513, 1944.7377337840362, 3412.0118907735477]
  C1.id = 0
  C2.id = 1
   p2D1 = [281, 236]
   p2D2 = [273, 231]
p3D = [5.7858099900578592, -1381.5303349732092, -2345.2576365932514]
  C1.id = 0
  C2.id = 1
   p2D1 = [235, 280]
   p2D2 = [228, 270]
p3D = [0.069062934045555607, -5028.5346144189989, -7612.3240809957651]
  C1.id = 0
  C2.id = 1
   p2D1 = [237, 444]
   p2D2 = [225, 435]
p3D = [26.252522712174141, 325.4041973586485, 495.78960490949339]
  C1.id = 0
  C2.id = 1
   p2D1 = [406, 434]
   p2D2 = [397, 438]
p3D = [82.69224377790745, -1952.563516446512, -3144.3707267519098]
  C1.id = 0
  C2.id = 1
   p2D1 = [158, 358]
   p2D2 = [144, 342]
p3D = [9.8136328038623031, -398.75800550507586, -601.21678325657012]
  C1.id = 0
  C2.id = 1
   p2D1 = [185, 450]
   p2D2 = [170, 434]
p3D = [33.365916538104464, 328.11699140565287, 555.95688406574436]
  C1.id = 0
  C2.id = 1
   p2D1 = [437, 282]
   p2D2 = [426, 288]
p3D = [13.890629383808459, -360.06793078238621, -548.22686965886805]
  C1.id = 0
  C2.id = 1
   p2D1 = [156, 436]
   p2D2 = [143, 417]
p3D = [147.37871028559854, -3882.9288717156619, -6171.4833241058541]
  C1.id = 0
  C2.id = 1
   p2D1 = [166, 378]
   p2D2 = [151, 361]
p3D = [41.277874912471567, 887.29644436893784, 1712.8422328665372]
  C1.id = 0
  C2.id = 1
   p2D1 = [327, 117]
   p2D2 = [324, 115]
p3D = [106.02454817696859, 1709.3405244804937, 3322.0645154586709]
  C1.id = 0
  C2.id = 1
   p2D1 = [353, 109]
   p2D2 = [349, 106]
p3D = [-156.44233790168937, -10038.055760414532, -16814.784919033384]
  C1.id = 0
  C2.id = 1
   p2D1 = [271, 298]
   p2D2 = [264, 289]
p3D = [3.7608921900342076, -370.43720640572354, -556.36936732110098]
  C1.id = 0
  C2.id = 1
   p2D1 = [215, 456]
   p2D2 = [201, 440]
p3D = [24.558929253392435, 337.92377840714738, 509.47219651918778]
  C1.id = 0
  C2.id = 1
   p2D1 = [392, 450]
   p2D2 = [379, 453]
p3D = [-109.13468773511696, -27195.010149956877, -44930.676142373115]
  C1.id = 0
  C2.id = 1
   p2D1 = [247, 318]
   p2D2 = [240, 309]
p3D = [328.22031526555219, 85792.213951252983, 137363.22552250559]
  C1.id = 0
  C2.id = 1
   p2D1 = [244, 364]
   p2D2 = [236, 354]
p3D = [-202.44030763841261, -4112.1062513877478, -7618.7650884798049]
  C1.id = 0
  C2.id = 1
   p2D1 = [341, 164]
   p2D2 = [331, 163]
p3D = [22496.334130360476, 398245.96543892135, 654298.22749938478]
  C1.id = 0
  C2.id = 1
   p2D1 = [353, 327]
   p2D2 = [345, 317]
p3D = [42.47372755135379, 544.05762858235391, 1144.6484583879605]
  C1.id = 0
  C2.id = 1
   p2D1 = [370, 18]
   p2D2 = [372, 21]
p3D = [142.17149594719581, -5583.0992641998118, -8664.5439861591694]
  C1.id = 0
  C2.id = 1
   p2D1 = [186, 412]
   p2D2 = [170, 397]
p3D = [22.082994904350222, -274.33507017819261, -451.3463964990238]
  C1.id = 0
  C2.id = 1
   p2D1 = [87, 322]
   p2D2 = [70, 302]
p3D = [10.974940018592582, -310.01559817985975, -482.41960735971605]
  C1.id = 0
  C2.id = 1
   p2D1 = [165, 403]
   p2D2 = [153, 384]
p3D = [68.661572577835074, 609.89310020045525, 1249.9364992202538]
  C1.id = 0
  C2.id = 1
   p2D1 = [427, 48]
   p2D2 = [429, 50]
p3D = [10.424096503256884, -321.07391958244864, -471.63698280166994]
  C1.id = 0
  C2.id = 1
   p2D1 = [164, 490]
   p2D2 = [148, 472]
p3D = [21.315017511519706, 342.45172231355451, 627.02197150154529]
  C1.id = 0
  C2.id = 1
   p2D1 = [361, 183]
   p2D2 = [350, 184]
p3D = [30.32906955006835, 480.9547857292124, 815.17300486977956]
  C1.id = 0
  C2.id = 1
   p2D1 = [364, 282]
   p2D2 = [354, 283]

#Camera1 (of 11)
id = 0
P  = 
 [3217.328669180762, -78.60664100822618, 289.8672403229193, 0;
  0, 2292.424143977958, -1070.516234777778, 0;
  0, 0, 1, 0]
K  = 
 [3217.328669180762, -78.60664100822618, 289.8672403229193;
  0, 2292.424143977958, -1070.516234777778;
  0, 0, 1]
C  = 
 [1, 0, 0, 0;
  0, 1, 0, 0;
  0, 0, 1, 0]
R  = 
 [1, 0, 0;
  0, 1, 0;
  0, 0, 1]
t  = [0; 0; 0]
 #image points (47)
p2D = [402, 71]
p2D = [295, 121]
p2D = [240, 229]
p2D = [318, 93]
p2D = [254, 174]
p2D = [322, 271]
p2D = [326, 204]
p2D = [295, 342]
p2D = [251, 400]
p2D = [290, 182]
p2D = [355, 443]
p2D = [286, 382]
p2D = [264, 369]
p2D = [331, 324]
p2D = [234, 417]
p2D = [145, 338]
p2D = [353, 404]
p2D = [133, 369]
p2D = [430, 239]
p2D = [370, 72]
p2D = [374, 405]
p2D = [281, 236]
p2D = [235, 280]
p2D = [237, 444]
p2D = [406, 434]
p2D = [158, 358]
p2D = [185, 450]
p2D = [437, 282]
p2D = [156, 436]
p2D = [166, 378]
p2D = [327, 117]
p2D = [353, 109]
p2D = [271, 298]
p2D = [215, 456]
p2D = [392, 450]
p2D = [247, 318]
p2D = [244, 364]
p2D = [341, 164]
p2D = [353, 327]
p2D = [370, 18]
p2D = [186, 412]
p2D = [87, 322]
p2D = [165, 403]
p2D = [427, 48]
p2D = [164, 490]
p2D = [361, 183]
p2D = [364, 282]
 #visible 3D-points (47)
p3D = [-594.59839879771653, -6223.6530316361077, -12399.34685705355]
p3D = [-316.98717853597992, -11711.901855242602, -22497.366965408004]
p3D = [69.894764102324132, -21113.109558732456, -37297.523732083107]
p3D = [35.372650673179294, 858.71974044708088, 1691.8244978368693]
p3D = [-40.322425936352019, -16153.250330852592, -29789.69300353172]
p3D = [20.407042931858243, 502.53048931686106, 858.65866083988521]
p3D = [25.945712437773103, 605.46797529705805, 1089.835545736755]
p3D = [728.50344999362244, 26164.645003937883, 42436.688066140334]
p3D = [-135.09600559226493, -18635.253636272661, -29105.794177931497]
p3D = [30.829888570207988, 1253.4101365645956, 2295.180493434827]
p3D = [26.108946357308085, 471.97811718684375, 714.88419045122737]
p3D = [56.119048507659066, 2422.3305449308114, 3823.4683029969251]
p3D = [-82.408535219574006, -6767.9102101335557, -10779.149456993338]
p3D = [-535.89481007996369, -11832.749106357609, -19374.970727624808]
p3D = [10.436692697554879, -23614.359326608286, -36464.912438342813]
p3D = [21.8343870344472, -434.41759541031365, -707.25447211103835]
p3D = [26.921498680398546, 493.13501565749584, 766.65776787076061]
p3D = [15.753705581145759, -292.77506944245567, -466.11056703502771]
p3D = [-738.59079544461815, -7382.1805041989173, -12797.557060952859]
p3D = [-494.9608417167488, -6740.2748684216813, -13491.807886602463]
p3D = [19.2262640750291, 294.58040203002128, 457.67465367247928]
p3D = [37.274561371231513, 1944.7377337840362, 3412.0118907735477]
p3D = [5.7858099900578592, -1381.5303349732092, -2345.2576365932514]
p3D = [0.069062934045555607, -5028.5346144189989, -7612.3240809957651]
p3D = [26.252522712174141, 325.4041973586485, 495.78960490949339]
p3D = [82.69224377790745, -1952.563516446512, -3144.3707267519098]
p3D = [9.8136328038623031, -398.75800550507586, -601.21678325657012]
p3D = [33.365916538104464, 328.11699140565287, 555.95688406574436]
p3D = [13.890629383808459, -360.06793078238621, -548.22686965886805]
p3D = [147.37871028559854, -3882.9288717156619, -6171.4833241058541]
p3D = [41.277874912471567, 887.29644436893784, 1712.8422328665372]
p3D = [106.02454817696859, 1709.3405244804937, 3322.0645154586709]
p3D = [-156.44233790168937, -10038.055760414532, -16814.784919033384]
p3D = [3.7608921900342076, -370.43720640572354, -556.36936732110098]
p3D = [24.558929253392435, 337.92377840714738, 509.47219651918778]
p3D = [-109.13468773511696, -27195.010149956877, -44930.676142373115]
p3D = [328.22031526555219, 85792.213951252983, 137363.22552250559]
p3D = [-202.44030763841261, -4112.1062513877478, -7618.7650884798049]
p3D = [22496.334130360476, 398245.96543892135, 654298.22749938478]
p3D = [42.47372755135379, 544.05762858235391, 1144.6484583879605]
p3D = [142.17149594719581, -5583.0992641998118, -8664.5439861591694]
p3D = [22.082994904350222, -274.33507017819261, -451.3463964990238]
p3D = [10.974940018592582, -310.01559817985975, -482.41960735971605]
p3D = [68.661572577835074, 609.89310020045525, 1249.9364992202538]
p3D = [10.424096503256884, -321.07391958244864, -471.63698280166994]
p3D = [21.315017511519706, 342.45172231355451, 627.02197150154529]
p3D = [30.32906955006835, 480.9547857292124, 815.17300486977956]
#Camera2 (of 11)
id = 1
P  = 
 [3210.564911400853, -158.685738630541, 329.3896971557954, 335.9123928481025;
  70.7097425162263, 2288.932761803234, -1075.63953491538, 162.2072086346001;
  -0.01217475988675486, 0.002578004266762278, 0.9999225615594942, 0.8764558384872555]
K  = 
 [3217.328669180762, -78.60664100822618, 289.8672403229193;
  0, 2292.424143977958, -1070.516234777778;
  0, 0, 1]
C  = 
 [0.9996093086656482, -0.02512999784663574, 0.01223573607156147, 0.03717099424699944;
  0.02515959559859204, 0.999680867628379, -0.002271045373097866, 0.4800452899136619;
  -0.01217475988675486, 0.002578004266762278, 0.9999225615594942, 0.8764558384872555]
R  = 
 [0.9996093086656482, -0.02512999784663574, 0.01223573607156147;
  0.02515959559859204, 0.999680867628379, -0.002271045373097866;
  -0.01217475988675486, 0.002578004266762278, 0.9999225615594942]
t  = [0.03717099424699944; 0.4800452899136619; 0.8764558384872555]
 #image points (47)
p2D = [404, 74]
p2D = [292, 117]
p2D = [234, 221]
p2D = [315, 91]
p2D = [250, 166]
p2D = [311, 271]
p2D = [317, 202]
p2D = [286, 337]
p2D = [241, 390]
p2D = [287, 177]
p2D = [342, 443]
p2D = [277, 376]
p2D = [255, 361]
p2D = [323, 323]
p2D = [223, 407]
p2D = [131, 321]
p2D = [339, 404]
p2D = [117, 350]
p2D = [424, 246]
p2D = [368, 74]
p2D = [362, 409]
p2D = [273, 231]
p2D = [228, 270]
p2D = [225, 435]
p2D = [397, 438]
p2D = [144, 342]
p2D = [170, 434]
p2D = [426, 288]
p2D = [143, 417]
p2D = [151, 361]
p2D = [324, 115]
p2D = [349, 106]
p2D = [264, 289]
p2D = [201, 440]
p2D = [379, 453]
p2D = [240, 309]
p2D = [236, 354]
p2D = [331, 163]
p2D = [345, 317]
p2D = [372, 21]
p2D = [170, 397]
p2D = [70, 302]
p2D = [153, 384]
p2D = [429, 50]
p2D = [148, 472]
p2D = [350, 184]
p2D = [354, 283]
 #visible 3D-points (47)
p3D = [-594.59839879771653, -6223.6530316361077, -12399.34685705355]
p3D = [-316.98717853597992, -11711.901855242602, -22497.366965408004]
p3D = [69.894764102324132, -21113.109558732456, -37297.523732083107]
p3D = [35.372650673179294, 858.71974044708088, 1691.8244978368693]
p3D = [-40.322425936352019, -16153.250330852592, -29789.69300353172]
p3D = [20.407042931858243, 502.53048931686106, 858.65866083988521]
p3D = [25.945712437773103, 605.46797529705805, 1089.835545736755]
p3D = [728.50344999362244, 26164.645003937883, 42436.688066140334]
p3D = [-135.09600559226493, -18635.253636272661, -29105.794177931497]
p3D = [30.829888570207988, 1253.4101365645956, 2295.180493434827]
p3D = [26.108946357308085, 471.97811718684375, 714.88419045122737]
p3D = [56.119048507659066, 2422.3305449308114, 3823.4683029969251]
p3D = [-82.408535219574006, -6767.9102101335557, -10779.149456993338]
p3D = [-535.89481007996369, -11832.749106357609, -19374.970727624808]
p3D = [10.436692697554879, -23614.359326608286, -36464.912438342813]
p3D = [21.8343870344472, -434.41759541031365, -707.25447211103835]
p3D = [26.921498680398546, 493.13501565749584, 766.65776787076061]
p3D = [15.753705581145759, -292.77506944245567, -466.11056703502771]
p3D = [-738.59079544461815, -7382.1805041989173, -12797.557060952859]
p3D = [-494.9608417167488, -6740.2748684216813, -13491.807886602463]
p3D = [19.2262640750291, 294.58040203002128, 457.67465367247928]
p3D = [37.274561371231513, 1944.7377337840362, 3412.0118907735477]
p3D = [5.7858099900578592, -1381.5303349732092, -2345.2576365932514]
p3D = [0.069062934045555607, -5028.5346144189989, -7612.3240809957651]
p3D = [26.252522712174141, 325.4041973586485, 495.78960490949339]
p3D = [82.69224377790745, -1952.563516446512, -3144.3707267519098]
p3D = [9.8136328038623031, -398.75800550507586, -601.21678325657012]
p3D = [33.365916538104464, 328.11699140565287, 555.95688406574436]
p3D = [13.890629383808459, -360.06793078238621, -548.22686965886805]
p3D = [147.37871028559854, -3882.9288717156619, -6171.4833241058541]
p3D = [41.277874912471567, 887.29644436893784, 1712.8422328665372]
p3D = [106.02454817696859, 1709.3405244804937, 3322.0645154586709]
p3D = [-156.44233790168937, -10038.055760414532, -16814.784919033384]
p3D = [3.7608921900342076, -370.43720640572354, -556.36936732110098]
p3D = [24.558929253392435, 337.92377840714738, 509.47219651918778]
p3D = [-109.13468773511696, -27195.010149956877, -44930.676142373115]
p3D = [328.22031526555219, 85792.213951252983, 137363.22552250559]
p3D = [-202.44030763841261, -4112.1062513877478, -7618.7650884798049]
p3D = [22496.334130360476, 398245.96543892135, 654298.22749938478]
p3D = [42.47372755135379, 544.05762858235391, 1144.6484583879605]
p3D = [142.17149594719581, -5583.0992641998118, -8664.5439861591694]
p3D = [22.082994904350222, -274.33507017819261, -451.3463964990238]
p3D = [10.974940018592582, -310.01559817985975, -482.41960735971605]
p3D = [68.661572577835074, 609.89310020045525, 1249.9364992202538]
p3D = [10.424096503256884, -321.07391958244864, -471.63698280166994]
p3D = [21.315017511519706, 342.45172231355451, 627.02197150154529]
p3D = [30.32906955006835, 480.9547857292124, 815.17300486977956]
#Camera3 (of 11)
id = 2
P  = 
 [3193.335623411807, -289.2756826243144, 400.415986502585, -298.570031438788;
  188.251761063038, 2280.934313169121, -1078.477351769726, 137.9566022943519;
  -0.03399898959512721, 0.006014406507650314, 0.9994037700653681, -0.01883239173096862]
K  = 
 [3217.328669180762, -78.60664100822618, 289.8672403229193;
  0, 2292.424143977958, -1070.516234777778;
  0, 0, 1]
C  = 
 [0.9972241651096038, -0.06607519811041659, 0.03432248120580615, -0.08984843181073712;
  0.06624223145368935, 0.9977965198922223, -0.003751221535169316, 0.05138500286524106;
  -0.03399898959512721, 0.006014406507650314, 0.9994037700653681, -0.01883239173096862]
R  = 
 [0.9972241651096038, -0.06607519811041659, 0.03432248120580615;
  0.06624223145368935, 0.9977965198922223, -0.003751221535169316;
  -0.03399898959512721, 0.006014406507650314, 0.9994037700653681]
t  = [-0.08984843181073712; 0.05138500286524106; -0.01883239173096862]
 #image points (26)
p2D = [403, 78]
p2D = [232, 212]
p2D = [294, 113]
p2D = [248, 159]
p2D = [125, 303]
p2D = [233, 380]
p2D = [278, 331]
p2D = [282, 173]
p2D = [309, 200]
p2D = [216, 395]
p2D = [259, 283]
p2D = [415, 251]
p2D = [136, 325]
p2D = [376, 72]
p2D = [310, 320]
p2D = [414, 294]
p2D = [164, 381]
p2D = [139, 345]
p2D = [322, 161]
p2D = [331, 316]
p2D = [133, 399]
p2D = [236, 301]
p2D = [232, 344]
p2D = [380, 22]
p2D = [341, 187]
p2D = [139, 453]
 #visible 3D-points (26)
p3D = [-594.59839879771653, -6223.6530316361077, -12399.34685705355]
p3D = [69.894764102324132, -21113.109558732456, -37297.523732083107]
p3D = [-316.98717853597992, -11711.901855242602, -22497.366965408004]
p3D = [-40.322425936352019, -16153.250330852592, -29789.69300353172]
p3D = [21.8343870344472, -434.41759541031365, -707.25447211103835]
p3D = [-135.09600559226493, -18635.253636272661, -29105.794177931497]
p3D = [728.50344999362244, 26164.645003937883, 42436.688066140334]
p3D = [30.829888570207988, 1253.4101365645956, 2295.180493434827]
p3D = [25.945712437773103, 605.46797529705805, 1089.835545736755]
p3D = [10.436692697554879, -23614.359326608286, -36464.912438342813]
p3D = [-156.44233790168937, -10038.055760414532, -16814.784919033384]
p3D = [-738.59079544461815, -7382.1805041989173, -12797.557060952859]
p3D = [82.69224377790745, -1952.563516446512, -3144.3707267519098]
p3D = [-494.9608417167488, -6740.2748684216813, -13491.807886602463]
p3D = [-535.89481007996369, -11832.749106357609, -19374.970727624808]
p3D = [33.365916538104464, 328.11699140565287, 555.95688406574436]
p3D = [142.17149594719581, -5583.0992641998118, -8664.5439861591694]
p3D = [147.37871028559854, -3882.9288717156619, -6171.4833241058541]
p3D = [-202.44030763841261, -4112.1062513877478, -7618.7650884798049]
p3D = [22496.334130360476, 398245.96543892135, 654298.22749938478]
p3D = [13.890629383808459, -360.06793078238621, -548.22686965886805]
p3D = [-109.13468773511696, -27195.010149956877, -44930.676142373115]
p3D = [328.22031526555219, 85792.213951252983, 137363.22552250559]
p3D = [42.47372755135379, 544.05762858235391, 1144.6484583879605]
p3D = [21.315017511519706, 342.45172231355451, 627.02197150154529]
p3D = [10.424096503256884, -321.07391958244864, -471.63698280166994]
#Camera4 (of 11)
id = 3
P  = 
 [3180.454112828596, -356.1848013605514, 446.3740696175056, 1545.910659165156;
  252.2644586439547, 2272.704954224451, -1082.768811318729, 117.946443536548;
  -0.04790533215634957, 0.01013705855713416, 0.9988004401254532, 0.7646549992922014]
K  = 
 [3217.328669180762, -78.60664100822618, 289.8672403229193;
  0, 2292.424143977958, -1070.516234777778;
  0, 0, 1]
C  = 
 [0.9949968488121054, -0.08728378354086798, 0.0486087644851347, 0.4215843224668415;
  0.08767183130840948, 0.99613190952534, -0.005904982678184111, 0.4085291270130004;
  -0.04790533215634957, 0.01013705855713416, 0.9988004401254532, 0.7646549992922014]
R  = 
 [0.9949968488121054, -0.08728378354086798, 0.0486087644851347;
  0.08767183130840948, 0.99613190952534, -0.005904982678184111;
  -0.04790533215634957, 0.01013705855713416, 0.9988004401254532]
t  = [0.4215843224668415; 0.4085291270130004; 0.7646549992922014]
 #image points (17)
p2D = [400, 81]
p2D = [233, 203]
p2D = [297, 109]
p2D = [255, 275]
p2D = [250, 152]
p2D = [135, 307]
p2D = [213, 383]
p2D = [124, 284]
p2D = [231, 366]
p2D = [405, 256]
p2D = [368, 73]
p2D = [306, 314]
p2D = [313, 159]
p2D = [236, 291]
p2D = [162, 365]
p2D = [142, 328]
p2D = [232, 335]
 #visible 3D-points (17)
p3D = [-594.59839879771653, -6223.6530316361077, -12399.34685705355]
p3D = [69.894764102324132, -21113.109558732456, -37297.523732083107]
p3D = [-316.98717853597992, -11711.901855242602, -22497.366965408004]
p3D = [-156.44233790168937, -10038.055760414532, -16814.784919033384]
p3D = [-40.322425936352019, -16153.250330852592, -29789.69300353172]
p3D = [82.69224377790745, -1952.563516446512, -3144.3707267519098]
p3D = [10.436692697554879, -23614.359326608286, -36464.912438342813]
p3D = [21.8343870344472, -434.41759541031365, -707.25447211103835]
p3D = [-135.09600559226493, -18635.253636272661, -29105.794177931497]
p3D = [-738.59079544461815, -7382.1805041989173, -12797.557060952859]
p3D = [-494.9608417167488, -6740.2748684216813, -13491.807886602463]
p3D = [-535.89481007996369, -11832.749106357609, -19374.970727624808]
p3D = [-202.44030763841261, -4112.1062513877478, -7618.7650884798049]
p3D = [-109.13468773511696, -27195.010149956877, -44930.676142373115]
p3D = [142.17149594719581, -5583.0992641998118, -8664.5439861591694]
p3D = [147.37871028559854, -3882.9288717156619, -6171.4833241058541]
p3D = [328.22031526555219, 85792.213951252983, 137363.22552250559]
#Camera5 (of 11)
id = 4
P  = 
 [3175.031532326154, -379.069932754961, 465.7107915555065, 3378.655981655768;
  275.8862797357814, 2267.054410677793, -1088.836316668296, 400.0803222347172;
  -0.05350451595559279, 0.01385802428225053, 0.9984714427240021, 1.48841602061764]
K  = 
 [3217.328669180762, -78.60664100822618, 289.8672403229193;
  0, 2292.424143977958, -1070.516234777778;
  0, 0, 1]
C  = 
 [0.994003755485208, -0.0947498796188844, 0.0545801648358613, 0.937289370331841;
  0.09536142225061764, 0.9954046491127111, -0.008705381734303151, 0.8695833367685921;
  -0.05350451595559279, 0.01385802428225053, 0.9984714427240021, 1.48841602061764]
R  = 
 [0.994003755485208, -0.0947498796188844, 0.0545801648358613;
  0.09536142225061764, 0.9954046491127111, -0.008705381734303151;
  -0.05350451595559279, 0.01385802428225053, 0.9984714427240021]
t  = [0.937289370331841; 0.8695833367685921; 1.48841602061764]
 #image points (12)
p2D = [397, 85]
p2D = [239, 194]
p2D = [255, 145]
p2D = [256, 267]
p2D = [142, 289]
p2D = [215, 371]
p2D = [364, 74]
p2D = [148, 313]
p2D = [132, 266]
p2D = [239, 281]
p2D = [230, 357]
p2D = [307, 157]
 #visible 3D-points (12)
p3D = [-594.59839879771653, -6223.6530316361077, -12399.34685705355]
p3D = [69.894764102324132, -21113.109558732456, -37297.523732083107]
p3D = [-40.322425936352019, -16153.250330852592, -29789.69300353172]
p3D = [-156.44233790168937, -10038.055760414532, -16814.784919033384]
p3D = [82.69224377790745, -1952.563516446512, -3144.3707267519098]
p3D = [10.436692697554879, -23614.359326608286, -36464.912438342813]
p3D = [-494.9608417167488, -6740.2748684216813, -13491.807886602463]
p3D = [147.37871028559854, -3882.9288717156619, -6171.4833241058541]
p3D = [21.8343870344472, -434.41759541031365, -707.25447211103835]
p3D = [-109.13468773511696, -27195.010149956877, -44930.676142373115]
p3D = [-135.09600559226493, -18635.253636272661, -29105.794177931497]
p3D = [-202.44030763841261, -4112.1062513877478, -7618.7650884798049]
#Camera6 (of 11)
id = 5
P  = 
 [3169.718892434988, -396.9017109957996, 486.5767784274074, 3715.480674909337;
  296.4635861867155, 2261.767026412948, -1094.409761064066, 280.6448753084671;
  -0.05957909792358795, 0.01744020877938258, 0.9980712250177054, 0.5922957424690817]
K  = 
 [3217.328669180762, -78.60664100822618, 289.8672403229193;
  0, 2292.424143977958, -1070.516234777778;
  0, 0, 1]
C  = 
 [0.9930497929277019, -0.1006305176646965, 0.06103775619060376, 1.11121958105857;
  0.1015009352511587, 0.9947709977840462, -0.0113235202509355, 0.3990130211349632;
  -0.05957909792358795, 0.01744020877938258, 0.9980712250177054, 0.5922957424690817]
R  = 
 [0.9930497929277019, -0.1006305176646965, 0.06103775619060376;
  0.1015009352511587, 0.9947709977840462, -0.0113235202509355;
  -0.05957909792358795, 0.01744020877938258, 0.9980712250177054]
t  = [1.11121958105857; 0.3990130211349632; 0.5922957424690817]
 #image points (8)
p2D = [391, 87]
p2D = [247, 186]
p2D = [263, 138]
p2D = [148, 246]
p2D = [365, 74]
p2D = [159, 295]
p2D = [155, 272]
p2D = [246, 272]
 #visible 3D-points (8)
p3D = [-594.59839879771653, -6223.6530316361077, -12399.34685705355]
p3D = [69.894764102324132, -21113.109558732456, -37297.523732083107]
p3D = [-40.322425936352019, -16153.250330852592, -29789.69300353172]
p3D = [21.8343870344472, -434.41759541031365, -707.25447211103835]
p3D = [-494.9608417167488, -6740.2748684216813, -13491.807886602463]
p3D = [147.37871028559854, -3882.9288717156619, -6171.4833241058541]
p3D = [82.69224377790745, -1952.563516446512, -3144.3707267519098]
p3D = [-109.13468773511696, -27195.010149956877, -44930.676142373115]
#Camera7 (of 11)
id = 6
P  = 
 [3181.263438470005, -327.438880528716, 462.3337551245591, 7163.230155880548;
  239.3206948794131, 2263.627050363124, -1104.505159192406, -142.4369132227011;
  -0.05195532473269642, 0.01975385722369493, 0.9984540196507328, 0.4134532714086844]
K  = 
 [3217.328669180762, -78.60664100822618, 289.8672403229193;
  0, 2292.424143977958, -1070.516234777778;
  0, 0, 1]
C  = 
 [0.9954291271260731, -0.07920252718073025, 0.05336490004871957, 2.192401562815312;
  0.0801342442464157, 0.9966628039678072, -0.01554857183423065, 0.1309406581372861;
  -0.05195532473269642, 0.01975385722369493, 0.9984540196507328, 0.4134532714086844]
R  = 
 [0.9954291271260731, -0.07920252718073025, 0.05336490004871957;
  0.0801342442464157, 0.9966628039678072, -0.01554857183423065;
  -0.05195532473269642, 0.01975385722369493, 0.9984540196507328]
t  = [2.192401562815312; 0.1309406581372861; 0.4134532714086844]
 #image points (7)
p2D = [385, 90]
p2D = [259, 178]
p2D = [273, 132]
p2D = [356, 76]
p2D = [174, 256]
p2D = [169, 231]
p2D = [176, 279]
 #visible 3D-points (7)
p3D = [-594.59839879771653, -6223.6530316361077, -12399.34685705355]
p3D = [69.894764102324132, -21113.109558732456, -37297.523732083107]
p3D = [-40.322425936352019, -16153.250330852592, -29789.69300353172]
p3D = [-494.9608417167488, -6740.2748684216813, -13491.807886602463]
p3D = [82.69224377790745, -1952.563516446512, -3144.3707267519098]
p3D = [21.8343870344472, -434.41759541031365, -707.25447211103835]
p3D = [147.37871028559854, -3882.9288717156619, -6171.4833241058541]
#Camera8 (of 11)
id = 7
P  = 
 [3203.94370132182, -166.6806030469323, 385.1858277294512, 10147.97209556884;
  98.4289613067839, 2271.907144164026, -1109.037029448697, 228.2735968560065;
  -0.02874909295651416, 0.01792060803584717, 0.9994260059963436, 0.2882152119152949]
K  = 
 [3217.328669180762, -78.60664100822618, 289.8672403229193;
  0, 2292.424143977958, -1070.516234777778;
  0, 0, 1]
C  = 
 [0.9991509237090052, -0.02900364454633404, 0.02926124150598704, 3.133915168097431;
  0.0295113758679513, 0.9994186512221269, -0.0170715635993035, 0.2341681236133451;
  -0.02874909295651416, 0.01792060803584717, 0.9994260059963436, 0.2882152119152949]
R  = 
 [0.9991509237090052, -0.02900364454633404, 0.02926124150598704;
  0.0295113758679513, 0.9994186512221269, -0.0170715635993035;
  -0.02874909295651416, 0.01792060803584717, 0.9994260059963436]
t  = [3.133915168097431; 0.2341681236133451; 0.2882152119152949]
 #image points (5)
p2D = [377, 93]
p2D = [197, 242]
p2D = [351, 76]
p2D = [194, 217]
p2D = [199, 265]
 #visible 3D-points (5)
p3D = [-594.59839879771653, -6223.6530316361077, -12399.34685705355]
p3D = [82.69224377790745, -1952.563516446512, -3144.3707267519098]
p3D = [-494.9608417167488, -6740.2748684216813, -13491.807886602463]
p3D = [21.8343870344472, -434.41759541031365, -707.25447211103835]
p3D = [147.37871028559854, -3882.9288717156619, -6171.4833241058541]
#Camera9 (of 11)
id = 8
P  = 
 [3183.083025300945, -386.3052640853477, 400.1955566175224, 12530.14483947462;
  256.0187329810671, 2284.471044236788, -1056.81593535597, 497.5166797375033;
  -0.03487185402536988, -0.002371748037170946, 0.9993889776298723, -0.375298058781343]
K  = 
 [3217.328669180762, -78.60664100822618, 289.8672403229193;
  0, 2292.424143977958, -1070.516234777778;
  0, 0, 1]
C  = 
 [0.9948284161093912, -0.09553605922095522, 0.03448599556066397, 3.929413539250285;
  0.09539589245933648, 0.9954231442958208, 0.005691001854541545, 0.04176976375991766;
  -0.03487185402536988, -0.002371748037170946, 0.9993889776298723, -0.375298058781343]
R  = 
 [0.9948284161093912, -0.09553605922095522, 0.03448599556066397;
  0.09539589245933648, 0.9954231442958208, 0.005691001854541545;
  -0.03487185402536988, -0.002371748037170946, 0.9993889776298723]
t  = [3.929413539250285; 0.04176976375991766; -0.375298058781343]
 #image points (2)
p2D = [369, 95]
p2D = [223, 205]
 #visible 3D-points (2)
p3D = [-594.59839879771653, -6223.6530316361077, -12399.34685705355]
p3D = [21.8343870344472, -434.41759541031365, -707.25447211103835]
#Camera10 (of 11)
id = 9
P  = 
 [3206.355629620051, -235.1588107617772, 324.6377930561783, 15000.58338087992;
  122.668222859632, 2293.496666343373, -1061.149854350533, 1163.023360903593;
  -0.01109569156885157, -0.003521782398633971, 0.9999322390428992, -0.3689450771417584]
K  = 
 [3217.328669180762, -78.60664100822618, 289.8672403229193;
  0, 2292.424143977958, -1070.516234777778;
  0, 0, 1]
C  = 
 [0.9987698497895442, -0.04837050750077339, 0.01091243123638865, 4.703860459277292;
  0.04832879866063507, 0.9988232531598642, 0.004054154309532524, 0.3350434377947232;
  -0.01109569156885157, -0.003521782398633971, 0.9999322390428992, -0.3689450771417584]
R  = 
 [0.9987698497895442, -0.04837050750077339, 0.01091243123638865;
  0.04832879866063507, 0.9988232531598642, 0.004054154309532524;
  -0.01109569156885157, -0.003521782398633971, 0.9999322390428992]
t  = [4.703860459277292; 0.3350434377947232; -0.3689450771417584]
 #image points (1)
p2D = [360, 96]
 #visible 3D-points (1)
p3D = [-594.59839879771653, -6223.6530316361077, -12399.34685705355]
#Camera11 (of 11)
id = 10
P  = 
 [3186.905951010604, -347.9755920390944, 404.9064500766806, 14975.98748855284;
  230.6642042483938, 2283.697901014756, -1064.298542043119, 1626.110467956644;
  -0.03594902869313244, 0.0006070544235841024, 0.999353440390809, -1.378980438857752]
K  = 
 [3217.328669180762, -78.60664100822618, 289.8672403229193;
  0, 2292.424143977958, -1070.516234777778;
  0, 0, 1]
C  = 
 [0.9958311804241223, -0.08386518165484917, 0.03587326861462676, 4.780627035003453;
  0.08383273484217466, 0.996476925368031, 0.002410348098445766, 0.06538472433741582;
  -0.03594902869313244, 0.0006070544235841024, 0.999353440390809, -1.378980438857752]
R  = 
 [0.9958311804241223, -0.08386518165484917, 0.03587326861462676;
  0.08383273484217466, 0.996476925368031, 0.002410348098445766;
  -0.03594902869313244, 0.0006070544235841024, 0.999353440390809]
t  = [4.780627035003453; 0.06538472433741582; -1.378980438857752]
 #image points (1)
p2D = [350, 96]
 #visible 3D-points (1)
p3D = [-594.59839879771653, -6223.6530316361077, -12399.34685705355]

#Camera pair (10)
C1.id = 0
C2.id = 1
 F = 
 [8.225423193702361e-006, 8.680185218805317e-005, -0.01921706376443627;
  -8.77887820244802e-005, 2.780366430656067e-006, 0.03313155447453593;
  0.0135242083159839, -0.03341038330481218, 1]
 E = 
 [85.14303153574987, 638.1252539755343, -353.1197581106674;
  -649.5648121201276, 14.84007462113046, 19.42033040695763;
  353.545186791084, -34.37220017301758, 3.832009036026001]
 #point pairs (47)
p2D 1 = [402, 71]
p2D 2 = [404, 74]
p2D 1 = [295, 121]
p2D 2 = [292, 117]
p2D 1 = [240, 229]
p2D 2 = [234, 221]
p2D 1 = [318, 93]
p2D 2 = [315, 91]
p2D 1 = [254, 174]
p2D 2 = [250, 166]
p2D 1 = [322, 271]
p2D 2 = [311, 271]
p2D 1 = [326, 204]
p2D 2 = [317, 202]
p2D 1 = [295, 342]
p2D 2 = [286, 337]
p2D 1 = [251, 400]
p2D 2 = [241, 390]
p2D 1 = [290, 182]
p2D 2 = [287, 177]
p2D 1 = [355, 443]
p2D 2 = [342, 443]
p2D 1 = [286, 382]
p2D 2 = [277, 376]
p2D 1 = [264, 369]
p2D 2 = [255, 361]
p2D 1 = [331, 324]
p2D 2 = [323, 323]
p2D 1 = [234, 417]
p2D 2 = [223, 407]
p2D 1 = [145, 338]
p2D 2 = [131, 321]
p2D 1 = [353, 404]
p2D 2 = [339, 404]
p2D 1 = [133, 369]
p2D 2 = [117, 350]
p2D 1 = [430, 239]
p2D 2 = [424, 246]
p2D 1 = [370, 72]
p2D 2 = [368, 74]
p2D 1 = [374, 405]
p2D 2 = [362, 409]
p2D 1 = [281, 236]
p2D 2 = [273, 231]
p2D 1 = [235, 280]
p2D 2 = [228, 270]
p2D 1 = [237, 444]
p2D 2 = [225, 435]
p2D 1 = [406, 434]
p2D 2 = [397, 438]
p2D 1 = [158, 358]
p2D 2 = [144, 342]
p2D 1 = [185, 450]
p2D 2 = [170, 434]
p2D 1 = [437, 282]
p2D 2 = [426, 288]
p2D 1 = [156, 436]
p2D 2 = [143, 417]
p2D 1 = [166, 378]
p2D 2 = [151, 361]
p2D 1 = [327, 117]
p2D 2 = [324, 115]
p2D 1 = [353, 109]
p2D 2 = [349, 106]
p2D 1 = [271, 298]
p2D 2 = [264, 289]
p2D 1 = [215, 456]
p2D 2 = [201, 440]
p2D 1 = [392, 450]
p2D 2 = [379, 453]
p2D 1 = [247, 318]
p2D 2 = [240, 309]
p2D 1 = [244, 364]
p2D 2 = [236, 354]
p2D 1 = [341, 164]
p2D 2 = [331, 163]
p2D 1 = [353, 327]
p2D 2 = [345, 317]
p2D 1 = [370, 18]
p2D 2 = [372, 21]
p2D 1 = [186, 412]
p2D 2 = [170, 397]
p2D 1 = [87, 322]
p2D 2 = [70, 302]
p2D 1 = [165, 403]
p2D 2 = [153, 384]
p2D 1 = [427, 48]
p2D 2 = [429, 50]
p2D 1 = [164, 490]
p2D 2 = [148, 472]
p2D 1 = [361, 183]
p2D 2 = [350, 184]
p2D 1 = [364, 282]
p2D 2 = [354, 283]
 #point 3Ds (47)
p3D = [-594.59839879771653, -6223.6530316361077, -12399.34685705355]
p3D = [-316.98717853597992, -11711.901855242602, -22497.366965408004]
p3D = [69.894764102324132, -21113.109558732456, -37297.523732083107]
p3D = [35.372650673179294, 858.71974044708088, 1691.8244978368693]
p3D = [-40.322425936352019, -16153.250330852592, -29789.69300353172]
p3D = [20.407042931858243, 502.53048931686106, 858.65866083988521]
p3D = [25.945712437773103, 605.46797529705805, 1089.835545736755]
p3D = [728.50344999362244, 26164.645003937883, 42436.688066140334]
p3D = [-135.09600559226493, -18635.253636272661, -29105.794177931497]
p3D = [30.829888570207988, 1253.4101365645956, 2295.180493434827]
p3D = [26.108946357308085, 471.97811718684375, 714.88419045122737]
p3D = [56.119048507659066, 2422.3305449308114, 3823.4683029969251]
p3D = [-82.408535219574006, -6767.9102101335557, -10779.149456993338]
p3D = [-535.89481007996369, -11832.749106357609, -19374.970727624808]
p3D = [10.436692697554879, -23614.359326608286, -36464.912438342813]
p3D = [21.8343870344472, -434.41759541031365, -707.25447211103835]
p3D = [26.921498680398546, 493.13501565749584, 766.65776787076061]
p3D = [15.753705581145759, -292.77506944245567, -466.11056703502771]
p3D = [-738.59079544461815, -7382.1805041989173, -12797.557060952859]
p3D = [-494.9608417167488, -6740.2748684216813, -13491.807886602463]
p3D = [19.2262640750291, 294.58040203002128, 457.67465367247928]
p3D = [37.274561371231513, 1944.7377337840362, 3412.0118907735477]
p3D = [5.7858099900578592, -1381.5303349732092, -2345.2576365932514]
p3D = [0.069062934045555607, -5028.5346144189989, -7612.3240809957651]
p3D = [26.252522712174141, 325.4041973586485, 495.78960490949339]
p3D = [82.69224377790745, -1952.563516446512, -3144.3707267519098]
p3D = [9.8136328038623031, -398.75800550507586, -601.21678325657012]
p3D = [33.365916538104464, 328.11699140565287, 555.95688406574436]
p3D = [13.890629383808459, -360.06793078238621, -548.22686965886805]
p3D = [147.37871028559854, -3882.9288717156619, -6171.4833241058541]
p3D = [41.277874912471567, 887.29644436893784, 1712.8422328665372]
p3D = [106.02454817696859, 1709.3405244804937, 3322.0645154586709]
p3D = [-156.44233790168937, -10038.055760414532, -16814.784919033384]
p3D = [3.7608921900342076, -370.43720640572354, -556.36936732110098]
p3D = [24.558929253392435, 337.92377840714738, 509.47219651918778]
p3D = [-109.13468773511696, -27195.010149956877, -44930.676142373115]
p3D = [328.22031526555219, 85792.213951252983, 137363.22552250559]
p3D = [-202.44030763841261, -4112.1062513877478, -7618.7650884798049]
p3D = [22496.334130360476, 398245.96543892135, 654298.22749938478]
p3D = [42.47372755135379, 544.05762858235391, 1144.6484583879605]
p3D = [142.17149594719581, -5583.0992641998118, -8664.5439861591694]
p3D = [22.082994904350222, -274.33507017819261, -451.3463964990238]
p3D = [10.974940018592582, -310.01559817985975, -482.41960735971605]
p3D = [68.661572577835074, 609.89310020045525, 1249.9364992202538]
p3D = [10.424096503256884, -321.07391958244864, -471.63698280166994]
p3D = [21.315017511519706, 342.45172231355451, 627.02197150154529]
p3D = [30.32906955006835, 480.9547857292124, 815.17300486977956]
C1.id = 1
C2.id = 2
 F = 
 [3.791594840046337e-006, 4.668349437634154e-005, -0.004187754295706083;
  -4.443748639708598e-005, 3.144268308969519e-006, 0.03036656952975617;
  0.0001197343243091895, -0.03181897869448237, 1]
 E = 
 [39.24757078566107, 343.3543615257685, -170.7247589446897;
  -328.7067847325183, 16.14248358192378, 36.53932293237222;
  156.9729641164078, -53.47295865088481, 4.600617021175232]
 #point pairs (26)
p2D 1 = [404, 74]
p2D 2 = [403, 78]
p2D 1 = [234, 221]
p2D 2 = [232, 212]
p2D 1 = [292, 117]
p2D 2 = [294, 113]
p2D 1 = [250, 166]
p2D 2 = [248, 159]
p2D 1 = [131, 321]
p2D 2 = [125, 303]
p2D 1 = [241, 390]
p2D 2 = [233, 380]
p2D 1 = [286, 337]
p2D 2 = [278, 331]
p2D 1 = [287, 177]
p2D 2 = [282, 173]
p2D 1 = [317, 202]
p2D 2 = [309, 200]
p2D 1 = [223, 407]
p2D 2 = [216, 395]
p2D 1 = [264, 289]
p2D 2 = [259, 283]
p2D 1 = [424, 246]
p2D 2 = [415, 251]
p2D 1 = [144, 342]
p2D 2 = [136, 325]
p2D 1 = [368, 74]
p2D 2 = [376, 72]
p2D 1 = [323, 323]
p2D 2 = [310, 320]
p2D 1 = [426, 288]
p2D 2 = [414, 294]
p2D 1 = [170, 397]
p2D 2 = [164, 381]
p2D 1 = [151, 361]
p2D 2 = [139, 345]
p2D 1 = [331, 163]
p2D 2 = [322, 161]
p2D 1 = [345, 317]
p2D 2 = [331, 316]
p2D 1 = [143, 417]
p2D 2 = [133, 399]
p2D 1 = [240, 309]
p2D 2 = [236, 301]
p2D 1 = [236, 354]
p2D 2 = [232, 344]
p2D 1 = [372, 21]
p2D 2 = [380, 22]
p2D 1 = [350, 184]
p2D 2 = [341, 187]
p2D 1 = [148, 472]
p2D 2 = [139, 453]
 #point 3Ds (26)
p3D = [-594.59839879771653, -6223.6530316361077, -12399.34685705355]
p3D = [69.894764102324132, -21113.109558732456, -37297.523732083107]
p3D = [-316.98717853597992, -11711.901855242602, -22497.366965408004]
p3D = [-40.322425936352019, -16153.250330852592, -29789.69300353172]
p3D = [21.8343870344472, -434.41759541031365, -707.25447211103835]
p3D = [-135.09600559226493, -18635.253636272661, -29105.794177931497]
p3D = [728.50344999362244, 26164.645003937883, 42436.688066140334]
p3D = [30.829888570207988, 1253.4101365645956, 2295.180493434827]
p3D = [25.945712437773103, 605.46797529705805, 1089.835545736755]
p3D = [10.436692697554879, -23614.359326608286, -36464.912438342813]
p3D = [-156.44233790168937, -10038.055760414532, -16814.784919033384]
p3D = [-738.59079544461815, -7382.1805041989173, -12797.557060952859]
p3D = [82.69224377790745, -1952.563516446512, -3144.3707267519098]
p3D = [-494.9608417167488, -6740.2748684216813, -13491.807886602463]
p3D = [-535.89481007996369, -11832.749106357609, -19374.970727624808]
p3D = [33.365916538104464, 328.11699140565287, 555.95688406574436]
p3D = [142.17149594719581, -5583.0992641998118, -8664.5439861591694]
p3D = [147.37871028559854, -3882.9288717156619, -6171.4833241058541]
p3D = [-202.44030763841261, -4112.1062513877478, -7618.7650884798049]
p3D = [22496.334130360476, 398245.96543892135, 654298.22749938478]
p3D = [13.890629383808459, -360.06793078238621, -548.22686965886805]
p3D = [-109.13468773511696, -27195.010149956877, -44930.676142373115]
p3D = [328.22031526555219, 85792.213951252983, 137363.22552250559]
p3D = [42.47372755135379, 544.05762858235391, 1144.6484583879605]
p3D = [21.315017511519706, 342.45172231355451, 627.02197150154529]
p3D = [10.424096503256884, -321.07391958244864, -471.63698280166994]
C1.id = 2
C2.id = 3
 F = 
 [1.19265086242842e-006, 1.705939260374294e-005, -0.002734897482840421;
  -1.923686805015299e-005, 8.948468215689248e-007, 0.04582861065085855;
  -0.0005377429640541143, -0.04519116086380398, 1]
 E = 
