#Unique 3D-points (47)
p3D = [-536.9620915532978, -5620.3742101266644, -11197.432787172143]
  C1.id = 0
  C2.id = 1
   p2D1 = [402, 71]
   p2D2 = [404, 74]
p3D = [-286.14508651738697, -10572.201169823282, -20308.119567482136]
  C1.id = 0
  C2.id = 1
   p2D1 = [295, 121]
   p2D2 = [292, 117]
p3D = [63.183606826115586, -19082.072581367276, -33709.530336797805]
  C1.id = 0
  C2.id = 1
   p2D1 = [240, 229]
   p2D2 = [234, 221]
p3D = [31.959394940137052, 775.85921318535554, 1528.5748187769404]
  C1.id = 0
  C2.id = 1
   p2D1 = [318, 93]
   p2D2 = [315, 91]
p3D = [-36.418589011680432, -14585.107967882705, -26897.739839936447]
  C1.id = 0
  C2.id = 1
   p2D1 = [254, 174]
   p2D2 = [250, 166]
p3D = [18.43946740880051, 454.07892186750047, 775.870783243392]
  C1.id = 0
  C2.id = 1
   p2D1 = [322, 271]
   p2D2 = [311, 271]
p3D = [23.444460730586975, 547.09912360498799, 984.77200065679119]
  C1.id = 0
  C2.id = 1
   p2D1 = [326, 204]
   p2D2 = [317, 202]
p3D = [662.73638468639535, 23802.515226461594, 38605.496581833635]
  C1.id = 0
  C2.id = 1
   p2D1 = [295, 342]
   p2D2 = [286, 337]
p3D = [-121.99202163163878, -16826.424917292607, -26280.629999528039]
  C1.id = 0
  C2.id = 1
   p2D1 = [251, 400]
   p2D2 = [241, 390]
p3D = [27.841155670612281, 1131.8934421067693, 2072.6667334109538]
  C1.id = 0
  C2.id = 1
   p2D1 = [290, 182]
   p2D2 = [287, 177]
p3D = [23.588765427242276, 426.42050230636727, 645.88017221049267]
  C1.id = 0
  C2.id = 1
   p2D1 = [355, 443]
   p2D2 = [342, 443]
p3D = [50.61142604546999, 2184.599636974744, 3448.2291936940055]
  C1.id = 0
  C2.id = 1
   p2D1 = [286, 382]
   p2D2 = [277, 376]
p3D = [-75.942601608190742, -6237.007560943709, -9933.6118008276117]
  C1.id = 0
  C2.id = 1
   p2D1 = [264, 369]
   p2D2 = [255, 361]
p3D = [-484.16758308112713, -10690.649646055783, -17504.889395611954]
  C1.id = 0
  C2.id = 1
   p2D1 = [331, 324]
   p2D2 = [323, 323]
p3D = [9.4221637201631125, -21331.328843567037, -32939.49112554147]
  C1.id = 0
  C2.id = 1
   p2D1 = [234, 417]
   p2D2 = [223, 407]
p3D = [19.736189538592502, -392.66963843788062, -639.28696665413452]
  C1.id = 0
  C2.id = 1
   p2D1 = [145, 338]
   p2D2 = [131, 321]
p3D = [24.324593528392093, 445.56652773076792, 692.70486679618227]
  C1.id = 0
  C2.id = 1
   p2D1 = [353, 404]
   p2D2 = [339, 404]
p3D = [14.237943520970584, -264.60562049564453, -421.26358788540665]
  C1.id = 0
  C2.id = 1
   p2D1 = [133, 369]
   p2D2 = [117, 350]
p3D = [-667.11491096502289, -6667.7987361562737, -11559.117272871377]
  C1.id = 0
  C2.id = 1
   p2D1 = [430, 239]
   p2D2 = [424, 246]
p3D = [-446.9797424742352, -6086.8730186354442, -12183.907479477239]
  C1.id = 0
  C2.id = 1
   p2D1 = [370, 72]
   p2D2 = [368, 74]
p3D = [17.372384403631322, 266.17621397560299, 413.54451941178138]
  C1.id = 0
  C2.id = 1
   p2D1 = [374, 405]
   p2D2 = [362, 409]
p3D = [33.61421008335784, 1753.7709551557248, 3076.9660549860059]
  C1.id = 0
  C2.id = 1
   p2D1 = [281, 236]
   p2D2 = [273, 231]
p3D = [5.2328787792437454, -1249.5035237173499, -2121.1322006440819]
  C1.id = 0
  C2.id = 1
   p2D1 = [235, 280]
   p2D2 = [228, 270]
p3D = [0.064469818632219192, -4603.4635300026721, -6968.8531897779922]
  C1.id = 0
  C2.id = 1
   p2D1 = [237, 444]
   p2D2 = [225, 435]
p3D = [23.71886469076362, 293.99943909892744, 447.94107155648413]
  C1.id = 0
  C2.id = 1
   p2D1 = [406, 434]
   p2D2 = [397, 438]
p3D = [74.694345677684552, -1763.7244169249464, -2840.265401344092]
  C1.id = 0
  C2.id = 1
   p2D1 = [158, 358]
   p2D2 = [144, 342]
p3D = [8.8702460829691763, -360.4262727497831, -543.42315531126508]
  C1.id = 0
  C2.id = 1
   p2D1 = [185, 450]
   p2D2 = [170, 434]
p3D = [30.149645234396989, 296.48967356141793, 502.36805995801757]
  C1.id = 0
  C2.id = 1
   p2D1 = [437, 282]
   p2D2 = [426, 288]
p3D = [12.555667491211441, -325.4627970142659, -495.53841779812575]
  C1.id = 0
  C2.id = 1
   p2D1 = [156, 436]
   p2D2 = [143, 417]
p3D = [133.11154465831993, -3507.0844305896239, -5574.1171916801768]
  C1.id = 0
  C2.id = 1
   p2D1 = [166, 378]
   p2D2 = [151, 361]
p3D = [37.288528923715148, 801.54349952621624, 1547.3043135894065]
  C1.id = 0
  C2.id = 1
   p2D1 = [327, 117]
   p2D2 = [324, 115]
p3D = [95.54479018219989, 1540.3840764061731, 2993.7063367084406]
  C1.id = 0
  C2.id = 1
   p2D1 = [353, 109]
   p2D2 = [349, 106]
p3D = [-141.31933298025868, -9067.8168712102797, -15189.526639947169]
  C1.id = 0
  C2.id = 1
   p2D1 = [271, 298]
   p2D2 = [264, 289]
p3D = [3.3993319244446001, -334.82773468932623, -502.88660294486738]
  C1.id = 0
  C2.id = 1
   p2D1 = [215, 456]
   p2D2 = [201, 440]
p3D = [22.190157651044888, 305.33056737091391, 460.33294592150372]
  C1.id = 0
  C2.id = 1
   p2D1 = [392, 450]
   p2D2 = [379, 453]
p3D = [-98.675543312399185, -24592.786674793137, -40631.372893674685]
  C1.id = 0
  C2.id = 1
   p2D1 = [247, 318]
   p2D2 = [240, 309]
p3D = [297.17541385040255, 77668.2458491039, 124355.76110144021]
  C1.id = 0
  C2.id = 1
   p2D1 = [244, 364]
   p2D2 = [236, 354]
p3D = [-182.81710658954654, -3713.4913132561278, -6880.219766362985]
  C1.id = 0
  C2.id = 1
   p2D1 = [341, 164]
   p2D2 = [331, 163]
p3D = [22492.164328905474, 398171.87255339324, 654175.99575307081]
  C1.id = 0
  C2.id = 1
   p2D1 = [353, 327]
   p2D2 = [345, 317]
p3D = [38.37235047219442, 491.52261820095674, 1034.1195068815641]
  C1.id = 0
  C2.id = 1
   p2D1 = [370, 18]
   p2D2 = [372, 21]
p3D = [128.37857003721371, -5041.5174595710214, -7824.0436551090643]
  C1.id = 0
  C2.id = 1
   p2D1 = [186, 412]
   p2D2 = [170, 397]
p3D = [19.957732212353736, -247.9331884000438, -407.9090188270871]
  C1.id = 0
  C2.id = 1
   p2D1 = [87, 322]
   p2D2 = [70, 302]
p3D = [9.9193660467724936, -280.19866843239038, -436.02109550334313]
  C1.id = 0
  C2.id = 1
   p2D1 = [165, 403]
   p2D2 = [153, 384]
p3D = [62.031706356154608, 551.00303946588042, 1129.2451907066645]
  C1.id = 0
  C2.id = 1
   p2D1 = [427, 48]
   p2D2 = [429, 50]
p3D = [9.4225923261943461, -290.2260142381208, -426.32345669662976]
  C1.id = 0
  C2.id = 1
   p2D1 = [164, 490]
   p2D2 = [148, 472]
p3D = [19.259922314477397, 309.43508246925182, 566.56906755380726]
  C1.id = 0
  C2.id = 1
   p2D1 = [361, 183]
   p2D2 = [350, 184]
p3D = [27.404010294270979, 434.57002532352459, 736.55513291811235]
  C1.id = 0
  C2.id = 1
   p2D1 = [364, 282]
   p2D2 = [354, 283]

#Camera1 (of 8)
id = 0
P  = 
 [3217.328669180762, -78.60664100822618, 289.8672403229193, 0;
  0, 2292.424143977958, -1070.516234777778, 0;
  0, 0, 1, 0]
K  = 
 [3217.328669180762, -78.60664100822618, 289.8672403229193;
  0, 2292.424143977958, -1070.516234777778;
  0, 0, 1]
C  = 
 [1, 0, 0, 0;
  0, 1, 0, 0;
  0, 0, 1, 0]
R  = 
 [1, 0, 0;
  0, 1, 0;
  0, 0, 1]
t  = [0; 0; 0]
 #image points (47)
p2D = [402, 71]
p2D = [295, 121]
p2D = [240, 229]
p2D = [318, 93]
p2D = [254, 174]
p2D = [322, 271]
p2D = [326, 204]
p2D = [295, 342]
p2D = [251, 400]
p2D = [290, 182]
p2D = [355, 443]
p2D = [286, 382]
p2D = [264, 369]
p2D = [331, 324]
p2D = [234, 417]
p2D = [145, 338]
p2D = [353, 404]
p2D = [133, 369]
p2D = [430, 239]
p2D = [370, 72]
p2D = [374, 405]
p2D = [281, 236]
p2D = [235, 280]
p2D = [237, 444]
p2D = [406, 434]
p2D = [158, 358]
p2D = [185, 450]
p2D = [437, 282]
p2D = [156, 436]
p2D = [166, 378]
p2D = [327, 117]
p2D = [353, 109]
p2D = [271, 298]
p2D = [215, 456]
p2D = [392, 450]
p2D = [247, 318]
p2D = [244, 364]
p2D = [341, 164]
p2D = [353, 327]
p2D = [370, 18]
p2D = [186, 412]
p2D = [87, 322]
p2D = [165, 403]
p2D = [427, 48]
p2D = [164, 490]
p2D = [361, 183]
p2D = [364, 282]
 #visible 3D-points (47)
p3D = [-536.9620915532978, -5620.3742101266644, -11197.432787172143]
p3D = [-286.14508651738697, -10572.201169823282, -20308.119567482136]
p3D = [63.183606826115586, -19082.072581367276, -33709.530336797805]
p3D = [31.959394940137052, 775.85921318535554, 1528.5748187769404]
p3D = [-36.418589011680432, -14585.107967882705, -26897.739839936447]
p3D = [18.43946740880051, 454.07892186750047, 775.870783243392]
p3D = [23.444460730586975, 547.09912360498799, 984.77200065679119]
p3D = [662.73638468639535, 23802.515226461594, 38605.496581833635]
p3D = [-121.99202163163878, -16826.424917292607, -26280.629999528039]
p3D = [27.841155670612281, 1131.8934421067693, 2072.6667334109538]
p3D = [23.588765427242276, 426.42050230636727, 645.88017221049267]
p3D = [50.61142604546999, 2184.599636974744, 3448.2291936940055]
p3D = [-75.942601608190742, -6237.007560943709, -9933.6118008276117]
p3D = [-484.16758308112713, -10690.649646055783, -17504.889395611954]
p3D = [9.4221637201631125, -21331.328843567037, -32939.49112554147]
p3D = [19.736189538592502, -392.66963843788062, -639.28696665413452]
p3D = [24.324593528392093, 445.56652773076792, 692.70486679618227]
p3D = [14.237943520970584, -264.60562049564453, -421.26358788540665]
p3D = [-667.11491096502289, -6667.7987361562737, -11559.117272871377]
p3D = [-446.9797424742352, -6086.8730186354442, -12183.907479477239]
p3D = [17.372384403631322, 266.17621397560299, 413.54451941178138]
p3D = [33.61421008335784, 1753.7709551557248, 3076.9660549860059]
p3D = [5.2328787792437454, -1249.5035237173499, -2121.1322006440819]
p3D = [0.064469818632219192, -4603.4635300026721, -6968.8531897779922]
p3D = [23.71886469076362, 293.99943909892744, 447.94107155648413]
p3D = [74.694345677684552, -1763.7244169249464, -2840.265401344092]
p3D = [8.8702460829691763, -360.4262727497831, -543.42315531126508]
p3D = [30.149645234396989, 296.48967356141793, 502.36805995801757]
p3D = [12.555667491211441, -325.4627970142659, -495.53841779812575]
p3D = [133.11154465831993, -3507.0844305896239, -5574.1171916801768]
p3D = [37.288528923715148, 801.54349952621624, 1547.3043135894065]
p3D = [95.54479018219989, 1540.3840764061731, 2993.7063367084406]
p3D = [-141.31933298025868, -9067.8168712102797, -15189.526639947169]
p3D = [3.3993319244446001, -334.82773468932623, -502.88660294486738]
p3D = [22.190157651044888, 305.33056737091391, 460.33294592150372]
p3D = [-98.675543312399185, -24592.786674793137, -40631.372893674685]
p3D = [297.17541385040255, 77668.2458491039, 124355.76110144021]
p3D = [-182.81710658954654, -3713.4913132561278, -6880.219766362985]
p3D = [22492.164328905474, 398171.87255339324, 654175.99575307081]
p3D = [38.37235047219442, 491.52261820095674, 1034.1195068815641]
p3D = [128.37857003721371, -5041.5174595710214, -7824.0436551090643]
p3D = [19.957732212353736, -247.9331884000438, -407.9090188270871]
p3D = [9.9193660467724936, -280.19866843239038, -436.02109550334313]
p3D = [62.031706356154608, 551.00303946588042, 1129.2451907066645]
p3D = [9.4225923261943461, -290.2260142381208, -426.32345669662976]
p3D = [19.259922314477397, 309.43508246925182, 566.56906755380726]
p3D = [27.404010294270979, 434.57002532352459, 736.55513291811235]
#Camera2 (of 8)
id = 1
P  = 
 [3210.56473047674, -158.6875315545125, 329.3905968655269, 335.9123928481025;
  70.71138197912615, 2288.932365926179, -1075.64026955579, 162.2072086346001;
  -0.01217502230697569, 0.002578340559230019, 0.999922557497222, 0.8764558384872555]
K  = 
 [3217.328669180762, -78.60664100822618, 289.8672403229193;
  0, 2292.424143977958, -1070.516234777778;
  0, 0, 1]
C  = 
 [0.9996092905533637, -0.02513058579842005, 0.01223600820648814, 0.03717099424699944;
  0.0251601882192014, 0.9996808519809655, -0.00227136773453378, 0.4800452899136619;
  -0.01217502230697569, 0.002578340559230019, 0.999922557497222, 0.8764558384872555]
R  = 
 [0.9996092905533637, -0.02513058579842005, 0.01223600820648814;
  0.0251601882192014, 0.9996808519809655, -0.00227136773453378;
  -0.01217502230697569, 0.002578340559230019, 0.999922557497222]
t  = [0.03717099424699944; 0.4800452899136619; 0.8764558384872555]
 #image points (47)
p2D = [404, 74]
p2D = [292, 117]
p2D = [234, 221]
p2D = [315, 91]
p2D = [250, 166]
p2D = [311, 271]
p2D = [317, 202]
p2D = [286, 337]
p2D = [241, 390]
p2D = [287, 177]
p2D = [342, 443]
p2D = [277, 376]
p2D = [255, 361]
p2D = [323, 323]
p2D = [223, 407]
p2D = [131, 321]
p2D = [339, 404]
p2D = [117, 350]
p2D = [424, 246]
p2D = [368, 74]
p2D = [362, 409]
p2D = [273, 231]
p2D = [228, 270]
p2D = [225, 435]
p2D = [397, 438]
p2D = [144, 342]
p2D = [170, 434]
p2D = [426, 288]
p2D = [143, 417]
p2D = [151, 361]
p2D = [324, 115]
p2D = [349, 106]
p2D = [264, 289]
p2D = [201, 440]
p2D = [379, 453]
p2D = [240, 309]
p2D = [236, 354]
p2D = [331, 163]
p2D = [345, 317]
p2D = [372, 21]
p2D = [170, 397]
p2D = [70, 302]
p2D = [153, 384]
p2D = [429, 50]
p2D = [148, 472]
p2D = [350, 184]
p2D = [354, 283]
 #visible 3D-points (47)
p3D = [-536.9620915532978, -5620.3742101266644, -11197.432787172143]
p3D = [-286.14508651738697, -10572.201169823282, -20308.119567482136]
p3D = [63.183606826115586, -19082.072581367276, -33709.530336797805]
p3D = [31.959394940137052, 775.85921318535554, 1528.5748187769404]
p3D = [-36.418589011680432, -14585.107967882705, -26897.739839936447]
p3D = [18.43946740880051, 454.07892186750047, 775.870783243392]
p3D = [23.444460730586975, 547.09912360498799, 984.77200065679119]
p3D = [662.73638468639535, 23802.515226461594, 38605.496581833635]
p3D = [-121.99202163163878, -16826.424917292607, -26280.629999528039]
p3D = [27.841155670612281, 1131.8934421067693, 2072.6667334109538]
p3D = [23.588765427242276, 426.42050230636727, 645.88017221049267]
p3D = [50.61142604546999, 2184.599636974744, 3448.2291936940055]
p3D = [-75.942601608190742, -6237.007560943709, -9933.6118008276117]
p3D = [-484.16758308112713, -10690.649646055783, -17504.889395611954]
p3D = [9.4221637201631125, -21331.328843567037, -32939.49112554147]
p3D = [19.736189538592502, -392.66963843788062, -639.28696665413452]
p3D = [24.324593528392093, 445.56652773076792, 692.70486679618227]
p3D = [14.237943520970584, -264.60562049564453, -421.26358788540665]
p3D = [-667.11491096502289, -6667.7987361562737, -11559.117272871377]
p3D = [-446.9797424742352, -6086.8730186354442, -12183.907479477239]
p3D = [17.372384403631322, 266.17621397560299, 413.54451941178138]
p3D = [33.61421008335784, 1753.7709551557248, 3076.9660549860059]
p3D = [5.2328787792437454, -1249.5035237173499, -2121.1322006440819]
p3D = [0.064469818632219192, -4603.4635300026721, -6968.8531897779922]
p3D = [23.71886469076362, 293.99943909892744, 447.94107155648413]
p3D = [74.694345677684552, -1763.7244169249464, -2840.265401344092]
p3D = [8.8702460829691763, -360.4262727497831, -543.42315531126508]
p3D = [30.149645234396989, 296.48967356141793, 502.36805995801757]
p3D = [12.555667491211441, -325.4627970142659, -495.53841779812575]
p3D = [133.11154465831993, -3507.0844305896239, -5574.1171916801768]
p3D = [37.288528923715148, 801.54349952621624, 1547.3043135894065]
p3D = [95.54479018219989, 1540.3840764061731, 2993.7063367084406]
p3D = [-141.31933298025868, -9067.8168712102797, -15189.526639947169]
p3D = [3.3993319244446001, -334.82773468932623, -502.88660294486738]
p3D = [22.190157651044888, 305.33056737091391, 460.33294592150372]
p3D = [-98.675543312399185, -24592.786674793137, -40631.372893674685]
p3D = [297.17541385040255, 77668.2458491039, 124355.76110144021]
p3D = [-182.81710658954654, -3713.4913132561278, -6880.219766362985]
p3D = [22492.164328905474, 398171.87255339324, 654175.99575307081]
p3D = [38.37235047219442, 491.52261820095674, 1034.1195068815641]
p3D = [128.37857003721371, -5041.5174595710214, -7824.0436551090643]
p3D = [19.957732212353736, -247.9331884000438, -407.9090188270871]
p3D = [9.9193660467724936, -280.19866843239038, -436.02109550334313]
p3D = [62.031706356154608, 551.00303946588042, 1129.2451907066645]
p3D = [9.4225923261943461, -290.2260142381208, -426.32345669662976]
p3D = [19.259922314477397, 309.43508246925182, 566.56906755380726]
p3D = [27.404010294270979, 434.57002532352459, 736.55513291811235]
#Camera3 (of 8)
id = 2
P  = 
 [3193.33491924322, -289.2802405469421, 400.4183094296273, -298.570031438788;
  188.2558275446698, 2280.933890352002, -1078.477536184697, 137.9566022943519;
  -0.03399969524053251, 0.006014595391031212, 0.999403744922858, -0.01883239173096862]
K  = 
 [3217.328669180762, -78.60664100822618, 289.8672403229193;
  0, 2292.424143977958, -1070.516234777778;
  0, 0, 1]
C  = 
 [0.9972240451065949, -0.06607663415846098, 0.03432320322360545, -0.08984843181073712;
  0.06624367580977768, 0.9977964236559335, -0.00375131372161582, 0.05138500286524106;
  -0.03399969524053251, 0.006014595391031212, 0.999403744922858, -0.01883239173096862]
R  = 
 [0.9972240451065949, -0.06607663415846098, 0.03432320322360545;
  0.06624367580977768, 0.9977964236559335, -0.00375131372161582;
  -0.03399969524053251, 0.006014595391031212, 0.999403744922858]
t  = [-0.08984843181073712; 0.05138500286524106; -0.01883239173096862]
 #image points (26)
p2D = [403, 78]
p2D = [232, 212]
p2D = [294, 113]
p2D = [248, 159]
p2D = [125, 303]
p2D = [233, 380]
p2D = [278, 331]
p2D = [282, 173]
p2D = [309, 200]
p2D = [216, 395]
p2D = [259, 283]
p2D = [415, 251]
p2D = [136, 325]
p2D = [376, 72]
p2D = [310, 320]
p2D = [414, 294]
p2D = [164, 381]
p2D = [139, 345]
p2D = [322, 161]
p2D = [331, 316]
p2D = [133, 399]
p2D = [236, 301]
p2D = [232, 344]
p2D = [380, 22]
p2D = [341, 187]
p2D = [139, 453]
 #visible 3D-points (26)
p3D = [-536.9620915532978, -5620.3742101266644, -11197.432787172143]
p3D = [63.183606826115586, -19082.072581367276, -33709.530336797805]
p3D = [-286.14508651738697, -10572.201169823282, -20308.119567482136]
p3D = [-36.418589011680432, -14585.107967882705, -26897.739839936447]
p3D = [19.736189538592502, -392.66963843788062, -639.28696665413452]
p3D = [-121.99202163163878, -16826.424917292607, -26280.629999528039]
p3D = [662.73638468639535, 23802.515226461594, 38605.496581833635]
p3D = [27.841155670612281, 1131.8934421067693, 2072.6667334109538]
p3D = [23.444460730586975, 547.09912360498799, 984.77200065679119]
p3D = [9.4221637201631125, -21331.328843567037, -32939.49112554147]
p3D = [-141.31933298025868, -9067.8168712102797, -15189.526639947169]
p3D = [-667.11491096502289, -6667.7987361562737, -11559.117272871377]
p3D = [74.694345677684552, -1763.7244169249464, -2840.265401344092]
p3D = [-446.9797424742352, -6086.8730186354442, -12183.907479477239]
p3D = [-484.16758308112713, -10690.649646055783, -17504.889395611954]
p3D = [30.149645234396989, 296.48967356141793, 502.36805995801757]
p3D = [128.37857003721371, -5041.5174595710214, -7824.0436551090643]
p3D = [133.11154465831993, -3507.0844305896239, -5574.1171916801768]
p3D = [-182.81710658954654, -3713.4913132561278, -6880.219766362985]
p3D = [22492.164328905474, 398171.87255339324, 654175.99575307081]
p3D = [12.555667491211441, -325.4627970142659, -495.53841779812575]
p3D = [-98.675543312399185, -24592.786674793137, -40631.372893674685]
p3D = [297.17541385040255, 77668.2458491039, 124355.76110144021]
p3D = [38.37235047219442, 491.52261820095674, 1034.1195068815641]
p3D = [19.259922314477397, 309.43508246925182, 566.56906755380726]
p3D = [9.4225923261943461, -290.2260142381208, -426.32345669662976]
#Camera4 (of 8)
id = 3
P  = 
 [3180.452315485915, -356.1944157144762, 446.3792039170056, 1545.910659165156;
  252.2730836509536, 2272.704153241993, -1082.768483064454, 117.946443536548;
  -0.04790691001631409, 0.01013723789409991, 0.9988003626253683, 0.7646549992922014]
K  = 
 [3217.328669180762, -78.60664100822618, 289.8672403229193;
  0, 2292.424143977958, -1070.516234777778;
  0, 0, 1]
C  = 
 [0.9949965062474377, -0.08728679449227028, 0.04861036990866156, 0.4215843224668415;
  0.08767485687516985, 0.9961316438679893, -0.005904875678274879, 0.4085291270130004;
  -0.04790691001631409, 0.01013723789409991, 0.9988003626253683, 0.7646549992922014]
R  = 
 [0.9949965062474377, -0.08728679449227028, 0.04861036990866156;
  0.08767485687516985, 0.9961316438679893, -0.005904875678274879;
  -0.04790691001631409, 0.01013723789409991, 0.9988003626253683]
t  = [0.4215843224668415; 0.4085291270130004; 0.7646549992922014]
 #image points (17)
p2D = [400, 81]
p2D = [233, 203]
p2D = [297, 109]
p2D = [255, 275]
p2D = [250, 152]
p2D = [135, 307]
p2D = [213, 383]
p2D = [124, 284]
p2D = [231, 366]
p2D = [405, 256]
p2D = [368, 73]
p2D = [306, 314]
p2D = [313, 159]
p2D = [236, 291]
p2D = [162, 365]
p2D = [142, 328]
p2D = [232, 335]
 #visible 3D-points (17)
p3D = [-536.9620915532978, -5620.3742101266644, -11197.432787172143]
p3D = [63.183606826115586, -19082.072581367276, -33709.530336797805]
p3D = [-286.14508651738697, -10572.201169823282, -20308.119567482136]
p3D = [-141.31933298025868, -9067.8168712102797, -15189.526639947169]
p3D = [-36.418589011680432, -14585.107967882705, -26897.739839936447]
p3D = [74.694345677684552, -1763.7244169249464, -2840.265401344092]
p3D = [9.4221637201631125, -21331.328843567037, -32939.49112554147]
p3D = [19.736189538592502, -392.66963843788062, -639.28696665413452]
p3D = [-121.99202163163878, -16826.424917292607, -26280.629999528039]
p3D = [-667.11491096502289, -6667.7987361562737, -11559.117272871377]
p3D = [-446.9797424742352, -6086.8730186354442, -12183.907479477239]
p3D = [-484.16758308112713, -10690.649646055783, -17504.889395611954]
p3D = [-182.81710658954654, -3713.4913132561278, -6880.219766362985]
p3D = [-98.675543312399185, -24592.786674793137, -40631.372893674685]
p3D = [128.37857003721371, -5041.5174595710214, -7824.0436551090643]
p3D = [133.11154465831993, -3507.0844305896239, -5574.1171916801768]
p3D = [297.17541385040255, 77668.2458491039, 124355.76110144021]
#Camera5 (of 8)
id = 4
P  = 
 [3175.028980064238, -379.0833753034913, 465.7172499234157, 3378.655981655768;
  275.8980867250931, 2267.053276905883, -1088.835685596131, 400.0803222347172;
  -0.05350649196900122, 0.01385822024246107, 0.998471334114747, 1.48841602061764]
K  = 
 [3217.328669180762, -78.60664100822618, 289.8672403229193;
  0, 2292.424143977958, -1070.516234777778;
  0, 0, 1]
C  = 
 [0.9940032435211421, -0.09475408529255446, 0.05458218747742154, 0.937289370331841;
  0.09536564993025677, 0.9954042460488516, -0.008705157166700523, 0.8695833367685921;
  -0.05350649196900122, 0.01385822024246107, 0.998471334114747, 1.48841602061764]
R  = 
 [0.9940032435211421, -0.09475408529255446, 0.05458218747742154;
  0.09536564993025677, 0.9954042460488516, -0.008705157166700523;
  -0.05350649196900122, 0.01385822024246107, 0.998471334114747]
t  = [0.937289370331841; 0.8695833367685921; 1.48841602061764]
 #image points (12)
p2D = [397, 85]
p2D = [239, 194]
p2D = [255, 145]
p2D = [256, 267]
p2D = [142, 289]
p2D = [215, 371]
p2D = [364, 74]
p2D = [148, 313]
p2D = [132, 266]
p2D = [239, 281]
p2D = [230, 357]
p2D = [307, 157]
 #visible 3D-points (12)
p3D = [-536.9620915532978, -5620.3742101266644, -11197.432787172143]
p3D = [63.183606826115586, -19082.072581367276, -33709.530336797805]
p3D = [-36.418589011680432, -14585.107967882705, -26897.739839936447]
p3D = [-141.31933298025868, -9067.8168712102797, -15189.526639947169]
p3D = [74.694345677684552, -1763.7244169249464, -2840.265401344092]
p3D = [9.4221637201631125, -21331.328843567037, -32939.49112554147]
p3D = [-446.9797424742352, -6086.8730186354442, -12183.907479477239]
p3D = [133.11154465831993, -3507.0844305896239, -5574.1171916801768]
p3D = [19.736189538592502, -392.66963843788062, -639.28696665413452]
p3D = [-98.675543312399185, -24592.786674793137, -40631.372893674685]
p3D = [-121.99202163163878, -16826.424917292607, -26280.629999528039]
p3D = [-182.81710658954654, -3713.4913132561278, -6880.219766362985]
#Camera6 (of 8)
id = 5
P  = 
 [3169.711358841409, -396.939342397812, 486.5951568234315, 3715.480674909337;
  296.4967890030805, 2261.763478158517, -1094.408099291583, 280.6448753084671;
  -0.05958467462468606, 0.01744094123140115, 0.9980708793060907, 0.5922957424690817]
K  = 
 [3217.328669180762, -78.60664100822618, 289.8672403229193;
  0, 2292.424143977958, -1070.516234777778;
  0, 0, 1]
C  = 
 [0.993048244039466, -0.1006423095895666, 0.06104351341961824, 1.11121958105857;
  0.1015128147575644, 0.9947697920068948, -0.01132295679386722, 0.3990130211349632;
  -0.05958467462468606, 0.01744094123140115, 0.9980708793060907, 0.5922957424690817]
R  = 
 [0.993048244039466, -0.1006423095895666, 0.06104351341961824;
  0.1015128147575644, 0.9947697920068948, -0.01132295679386722;
  -0.05958467462468606, 0.01744094123140115, 0.9980708793060907]
t  = [1.11121958105857; 0.3990130211349632; 0.5922957424690817]
 #image points (8)
p2D = [391, 87]
p2D = [247, 186]
p2D = [263, 138]
p2D = [148, 246]
p2D = [365, 74]
p2D = [159, 295]
p2D = [155, 272]
p2D = [246, 272]
 #visible 3D-points (8)
p3D = [-536.9620915532978, -5620.3742101266644, -11197.432787172143]
p3D = [63.183606826115586, -19082.072581367276, -33709.530336797805]
p3D = [-36.418589011680432, -14585.107967882705, -26897.739839936447]
p3D = [19.736189538592502, -392.66963843788062, -639.28696665413452]
p3D = [-446.9797424742352, -6086.8730186354442, -12183.907479477239]
p3D = [133.11154465831993, -3507.0844305896239, -5574.1171916801768]
p3D = [74.694345677684552, -1763.7244169249464, -2840.265401344092]
p3D = [-98.675543312399185, -24592.786674793137, -40631.372893674685]
#Camera7 (of 8)
id = 6
P  = 
 [3181.257365975922, -327.4741002424929, 462.3505938676616, 7163.230155880548;
  239.3515539199315, 2263.624653643657, -1104.503384272141, -142.4369132227011;
  -0.05196041441398075, 0.01975420907397664, 0.9984537478310095, 0.4134532714086844]
K  = 
 [3217.328669180762, -78.60664100822618, 289.8672403229193;
  0, 2292.424143977958, -1070.516234777778;
  0, 0, 1]
C  = 
 [0.9954279690708701, -0.07921352729124495, 0.05337017411927937, 2.192401562815312;
  0.08014532878072425, 0.9966619227792044, -0.01554792451386363, 0.1309406581372861;
  -0.05196041441398075, 0.01975420907397664, 0.9984537478310095, 0.4134532714086844]
R  = 
 [0.9954279690708701, -0.07921352729124495, 0.05337017411927937;
  0.08014532878072425, 0.9966619227792044, -0.01554792451386363;
  -0.05196041441398075, 0.01975420907397664, 0.9984537478310095]
t  = [2.192401562815312; 0.1309406581372861; 0.4134532714086844]
 #image points (7)
p2D = [385, 90]
p2D = [259, 178]
p2D = [273, 132]
p2D = [356, 76]
p2D = [174, 256]
p2D = [169, 231]
p2D = [176, 279]
 #visible 3D-points (7)
p3D = [-536.9620915532978, -5620.3742101266644, -11197.432787172143]
p3D = [63.183606826115586, -19082.072581367276, -33709.530336797805]
p3D = [-36.418589011680432, -14585.107967882705, -26897.739839936447]
p3D = [-446.9797424742352, -6086.8730186354442, -12183.907479477239]
p3D = [74.694345677684552, -1763.7244169249464, -2840.265401344092]
p3D = [19.736189538592502, -392.66963843788062, -639.28696665413452]
p3D = [133.11154465831993, -3507.0844305896239, -5574.1171916801768]
#Camera8 (of 8)
id = 7
P  = 
 [3203.939863578767, -166.7136515030098, 385.203446932766, 10147.97209556884;
  98.45850994383368, 2271.906049540739, -1109.036648941639, 228.2735968560065;
  -0.02875440034918249, 0.01792097545548444, 0.9994258467236491, 0.2882152119152949]
K  = 
 [3217.328669180762, -78.60664100822618, 289.8672403229193;
  0, 2292.424143977958, -1070.516234777778;
  0, 0, 1]
C  = 
 [0.9991504634169359, -0.0290139571409176, 0.02926673443941711, 3.133915168097431;
  0.0295217871119162, 0.9994183453037817, -0.01707147199188688, 0.2341681236133451;
  -0.02875440034918249, 0.01792097545548444, 0.9994258467236491, 0.2882152119152949]
R  = 
 [0.9991504634169359, -0.0290139571409176, 0.02926673443941711;
  0.0295217871119162, 0.9994183453037817, -0.01707147199188688;
  -0.02875440034918249, 0.01792097545548444, 0.9994258467236491]
t  = [3.133915168097431; 0.2341681236133451; 0.2882152119152949]
 #image points (5)
p2D = [377, 93]
p2D = [197, 242]
p2D = [351, 76]
p2D = [194, 217]
p2D = [199, 265]
 #visible 3D-points (5)
p3D = [-536.9620915532978, -5620.3742101266644, -11197.432787172143]
p3D = [74.694345677684552, -1763.7244169249464, -2840.265401344092]
p3D = [-446.9797424742352, -6086.8730186354442, -12183.907479477239]
p3D = [19.736189538592502, -392.66963843788062, -639.28696665413452]
p3D = [133.11154465831993, -3507.0844305896239, -5574.1171916801768]

#Camera pair (7)
C1.id = 0
C2.id = 1
 F = 
 [8.225423193702361e-006, 8.680185218805317e-005, -0.01921706376443627;
  -8.77887820244802e-005, 2.780366430656067e-006, 0.03313155447453593;
  0.0135242083159839, -0.03341038330481218, 1]
 E = 
 [85.14303153574987, 638.1252539755343, -353.1197581106674;
  -649.5648121201276, 14.84007462113046, 19.42033040695763;
  353.545186791084, -34.37220017301758, 3.832009036026001]
 #point pairs (47)
p2D 1 = [402, 71]
p2D 2 = [404, 74]
p2D 1 = [295, 121]
p2D 2 = [292, 117]
p2D 1 = [240, 229]
p2D 2 = [234, 221]
p2D 1 = [318, 93]
p2D 2 = [315, 91]
p2D 1 = [254, 174]
p2D 2 = [250, 166]
p2D 1 = [322, 271]
p2D 2 = [311, 271]
p2D 1 = [326, 204]
p2D 2 = [317, 202]
p2D 1 = [295, 342]
p2D 2 = [286, 337]
p2D 1 = [251, 400]
p2D 2 = [241, 390]
p2D 1 = [290, 182]
p2D 2 = [287, 177]
p2D 1 = [355, 443]
p2D 2 = [342, 443]
p2D 1 = [286, 382]
p2D 2 = [277, 376]
p2D 1 = [264, 369]
p2D 2 = [255, 361]
p2D 1 = [331, 324]
p2D 2 = [323, 323]
p2D 1 = [234, 417]
p2D 2 = [223, 407]
p2D 1 = [145, 338]
p2D 2 = [131, 321]
p2D 1 = [353, 404]
p2D 2 = [339, 404]
p2D 1 = [133, 369]
p2D 2 = [117, 350]
p2D 1 = [430, 239]
p2D 2 = [424, 246]
p2D 1 = [370, 72]
p2D 2 = [368, 74]
p2D 1 = [374, 405]
p2D 2 = [362, 409]
p2D 1 = [281, 236]
p2D 2 = [273, 231]
p2D 1 = [235, 280]
p2D 2 = [228, 270]
p2D 1 = [237, 444]
p2D 2 = [225, 435]
p2D 1 = [406, 434]
p2D 2 = [397, 438]
p2D 1 = [158, 358]
p2D 2 = [144, 342]
p2D 1 = [185, 450]
p2D 2 = [170, 434]
p2D 1 = [437, 282]
p2D 2 = [426, 288]
p2D 1 = [156, 436]
p2D 2 = [143, 417]
p2D 1 = [166, 378]
p2D 2 = [151, 361]
p2D 1 = [327, 117]
p2D 2 = [324, 115]
p2D 1 = [353, 109]
p2D 2 = [349, 106]
p2D 1 = [271, 298]
p2D 2 = [264, 289]
p2D 1 = [215, 456]
p2D 2 = [201, 440]
p2D 1 = [392, 450]
p2D 2 = [379, 453]
p2D 1 = [247, 318]
p2D 2 = [240, 309]
p2D 1 = [244, 364]
p2D 2 = [236, 354]
p2D 1 = [341, 164]
p2D 2 = [331, 163]
p2D 1 = [353, 327]
p2D 2 = [345, 317]
p2D 1 = [370, 18]
p2D 2 = [372, 21]
p2D 1 = [186, 412]
p2D 2 = [170, 397]
p2D 1 = [87, 322]
p2D 2 = [70, 302]
p2D 1 = [165, 403]
p2D 2 = [153, 384]
p2D 1 = [427, 48]
p2D 2 = [429, 50]
p2D 1 = [164, 490]
p2D 2 = [148, 472]
p2D 1 = [361, 183]
p2D 2 = [350, 184]
p2D 1 = [364, 282]
p2D 2 = [354, 283]
 #point 3Ds (47)
p3D = [-536.9620915532978, -5620.3742101266644, -11197.432787172143]
p3D = [-286.14508651738697, -10572.201169823282, -20308.119567482136]
p3D = [63.183606826115586, -19082.072581367276, -33709.530336797805]
p3D = [31.959394940137052, 775.85921318535554, 1528.5748187769404]
p3D = [-36.418589011680432, -14585.107967882705, -26897.739839936447]
p3D = [18.43946740880051, 454.07892186750047, 775.870783243392]
p3D = [23.444460730586975, 547.09912360498799, 984.77200065679119]
p3D = [662.73638468639535, 23802.515226461594, 38605.496581833635]
p3D = [-121.99202163163878, -16826.424917292607, -26280.629999528039]
p3D = [27.841155670612281, 1131.8934421067693, 2072.6667334109538]
p3D = [23.588765427242276, 426.42050230636727, 645.88017221049267]
p3D = [50.61142604546999, 2184.599636974744, 3448.2291936940055]
p3D = [-75.942601608190742, -6237.007560943709, -9933.6118008276117]
p3D = [-484.16758308112713, -10690.649646055783, -17504.889395611954]
p3D = [9.4221637201631125, -21331.328843567037, -32939.49112554147]
p3D = [19.736189538592502, -392.66963843788062, -639.28696665413452]
p3D = [24.324593528392093, 445.56652773076792, 692.70486679618227]
p3D = [14.237943520970584, -264.60562049564453, -421.26358788540665]
p3D = [-667.11491096502289, -6667.7987361562737, -11559.117272871377]
p3D = [-446.9797424742352, -6086.8730186354442, -12183.907479477239]
p3D = [17.372384403631322, 266.17621397560299, 413.54451941178138]
p3D = [33.61421008335784, 1753.7709551557248, 3076.9660549860059]
p3D = [5.2328787792437454, -1249.5035237173499, -2121.1322006440819]
p3D = [0.064469818632219192, -4603.4635300026721, -6968.8531897779922]
p3D = [23.71886469076362, 293.99943909892744, 447.94107155648413]
p3D = [74.694345677684552, -1763.7244169249464, -2840.265401344092]
p3D = [8.8702460829691763, -360.4262727497831, -543.42315531126508]
p3D = [30.149645234396989, 296.48967356141793, 502.36805995801757]
p3D = [12.555667491211441, -325.4627970142659, -495.53841779812575]
p3D = [133.11154465831993, -3507.0844305896239, -5574.1171916801768]
p3D = [37.288528923715148, 801.54349952621624, 1547.3043135894065]
p3D = [95.54479018219989, 1540.3840764061731, 2993.7063367084406]
p3D = [-141.31933298025868, -9067.8168712102797, -15189.526639947169]
p3D = [3.3993319244446001, -334.82773468932623, -502.88660294486738]
p3D = [22.190157651044888, 305.33056737091391, 460.33294592150372]
p3D = [-98.675543312399185, -24592.786674793137, -40631.372893674685]
p3D = [297.17541385040255, 77668.2458491039, 124355.76110144021]
p3D = [-182.81710658954654, -3713.4913132561278, -6880.219766362985]
p3D = [22492.164328905474, 398171.87255339324, 654175.99575307081]
p3D = [38.37235047219442, 491.52261820095674, 1034.1195068815641]
p3D = [128.37857003721371, -5041.5174595710214, -7824.0436551090643]
p3D = [19.957732212353736, -247.9331884000438, -407.9090188270871]
p3D = [9.9193660467724936, -280.19866843239038, -436.02109550334313]
p3D = [62.031706356154608, 551.00303946588042, 1129.2451907066645]
p3D = [9.4225923261943461, -290.2260142381208, -426.32345669662976]
p3D = [19.259922314477397, 309.43508246925182, 566.56906755380726]
p3D = [27.404010294270979, 434.57002532352459, 736.55513291811235]
C1.id = 1
C2.id = 2
 F = 
 [3.791594840046337e-006, 4.668349437634154e-005, -0.004187754295706083;
  -4.443748639708598e-005, 3.144268308969519e-006, 0.03036656952975617;
  0.0001197343243091895, -0.03181897869448237, 1]
 E = 
 [39.24757078566107, 343.3543615257685, -170.7247589446897;
  -328.7067847325183, 16.14248358192378, 36.53932293237222;
  156.9729641164078, -53.47295865088481, 4.600617021175232]
 #point pairs (26)
p2D 1 = [404, 74]
p2D 2 = [403, 78]
p2D 1 = [234, 221]
p2D 2 = [232, 212]
p2D 1 = [292, 117]
p2D 2 = [294, 113]
p2D 1 = [250, 166]
p2D 2 = [248, 159]
p2D 1 = [131, 321]
p2D 2 = [125, 303]
p2D 1 = [241, 390]
p2D 2 = [233, 380]
p2D 1 = [286, 337]
p2D 2 = [278, 331]
p2D 1 = [287, 177]
p2D 2 = [282, 173]
p2D 1 = [317, 202]
p2D 2 = [309, 200]
p2D 1 = [223, 407]
p2D 2 = [216, 395]
p2D 1 = [264, 289]
p2D 2 = [259, 283]
p2D 1 = [424, 246]
p2D 2 = [415, 251]
p2D 1 = [144, 342]
p2D 2 = [136, 325]
p2D 1 = [368, 74]
p2D 2 = [376, 72]
p2D 1 = [323, 323]
p2D 2 = [310, 320]
p2D 1 = [426, 288]
p2D 2 = [414, 294]
p2D 1 = [170, 397]
p2D 2 = [164, 381]
p2D 1 = [151, 361]
p2D 2 = [139, 345]
p2D 1 = [331, 163]
p2D 2 = [322, 161]
p2D 1 = [345, 317]
p2D 2 = [331, 316]
p2D 1 = [143, 417]
p2D 2 = [133, 399]
p2D 1 = [240, 309]
p2D 2 = [236, 301]
p2D 1 = [236, 354]
p2D 2 = [232, 344]
p2D 1 = [372, 21]
p2D 2 = [380, 22]
p2D 1 = [350, 184]
p2D 2 = [341, 187]
p2D 1 = [148, 472]
p2D 2 = [139, 453]
 #point 3Ds (26)
p3D = [-536.9620915532978, -5620.3742101266644, -11197.432787172143]
p3D = [63.183606826115586, -19082.072581367276, -33709.530336797805]
p3D = [-286.14508651738697, -10572.201169823282, -20308.119567482136]
p3D = [-36.418589011680432, -14585.107967882705, -26897.739839936447]
p3D = [19.736189538592502, -392.66963843788062, -639.28696665413452]
p3D = [-121.99202163163878, -16826.424917292607, -26280.629999528039]
p3D = [662.73638468639535, 23802.515226461594, 38605.496581833635]
p3D = [27.841155670612281, 1131.8934421067693, 2072.6667334109538]
p3D = [23.444460730586975, 547.09912360498799, 984.77200065679119]
p3D = [9.4221637201631125, -21331.328843567037, -32939.49112554147]
p3D = [-141.31933298025868, -9067.8168712102797, -15189.526639947169]
p3D = [-667.11491096502289, -6667.7987361562737, -11559.117272871377]
p3D = [74.694345677684552, -1763.7244169249464, -2840.265401344092]
p3D = [-446.9797424742352, -6086.8730186354442, -12183.907479477239]
p3D = [-484.16758308112713, -10690.649646055783, -17504.889395611954]
p3D = [30.149645234396989, 296.48967356141793, 502.36805995801757]
p3D = [128.37857003721371, -5041.5174595710214, -7824.0436551090643]
p3D = [133.11154465831993, -3507.0844305896239, -5574.1171916801768]
p3D = [-182.81710658954654, -3713.4913132561278, -6880.219766362985]
p3D = [22492.164328905474, 398171.87255339324, 654175.99575307081]
p3D = [12.555667491211441, -325.4627970142659, -495.53841779812575]
p3D = [-98.675543312399185, -24592.786674793137, -40631.372893674685]
p3D = [297.17541385040255, 77668.2458491039, 124355.76110144021]
p3D = [38.37235047219442, 491.52261820095674, 1034.1195068815641]
p3D = [19.259922314477397, 309.43508246925182, 566.56906755380726]
p3D = [9.4225923261943461, -290.2260142381208, -426.32345669662976]
C1.id = 2
C2.id = 3
 F = 
 [1.19265086242842e-006, 1.705939260374294e-005, -0.002734897482840421;
  -1.923686805015299e-005, 8.948468215689248e-007, 0.04582861065085855;
  -0.0005377429640541143, -0.04519116086380398, 1]
 E = 
 [12.34537209813459, 125.519616263162, -66.44280395128349;
  -142.1827979656845, 5.102356534503771, 91.7030657454476;
  65.63783860611062, -96.06106932728775, 1.170364613497412]
 #point pairs (17)
p2D 1 = [403, 78]
p2D 2 = [400, 81]
p2D 1 = [232, 212]
p2D 2 = [233, 203]
p2D 1 = [294, 113]
p2D 2 = [297, 109]
p2D 1 = [259, 283]
p2D 2 = [255, 275]
p2D 1 = [248, 159]
p2D 2 = [250, 152]
p2D 1 = [136, 325]
p2D 2 = [135, 307]
p2D 1 = [216, 395]
p2D 2 = [213, 383]
p2D 1 = [125, 303]
p2D 2 = [124, 284]
p2D 1 = [233, 380]
p2D 2 = [231, 366]
p2D 1 = [415, 251]
p2D 2 = [405, 256]
p2D 1 = [376, 72]
p2D 2 = [368, 73]
p2D 1 = [310, 320]
p2D 2 = [306, 314]
p2D 1 = [322, 161]
p2D 2 = [313, 159]
p2D 1 = [236, 301]
p2D 2 = [236, 291]
p2D 1 = [164, 381]
p2D 2 = [162, 365]
p2D 1 = [139, 345]
p2D 2 = [142, 328]
p2D 1 = [232, 344]
p2D 2 = [232, 335]
 #point 3Ds (17)
p3D = [-536.9620915532978, -5620.3742101266644, -11197.432787172143]
p3D = [63.183606826115586, -19082.072581367276, -33709.530336797805]
p3D = [-286.14508651738697, -10572.201169823282, -20308.119567482136]
p3D = [-141.31933298025868, -9067.8168712102797, -15189.526639947169]
p3D = [-36.418589011680432, -14585.107967882705, -26897.739839936447]
p3D = [74.694345677684552, -1763.7244169249464, -2840.265401344092]
p3D = [9.4221637201631125, -21331.328843567037, -32939.49112554147]
p3D = [19.736189538592502, -392.66963843788062, -639.28696665413452]
p3D = [-121.99202163163878, -16826.424917292607, -26280.629999528039]
p3D = [-667.11491096502289, -6667.7987361562737, -11559.117272871377]
p3D = [-446.9797424742352, -6086.8730186354442, -12183.907479477239]
p3D = [-484.16758308112713, -10690.649646055783, -17504.889395611954]
p3D = [-182.81710658954654, -3713.4913132561278, -6880.219766362985]
p3D = [-98.675543312399185, -24592.786674793137, -40631.372893674685]
p3D = [128.37857003721371, -5041.5174595710214, -7824.0436551090643]
p3D = [133.11154465831993, -3507.0844305896239, -5574.1171916801768]
p3D = [297.17541385040255, 77668.2458491039, 124355.76110144021]
C1.id = 3
C2.id = 4
 F = 
 [1.205977153126213e-006, 1.506492125101887e-005, -0.006602859769464336;
  -1.558522466039153e-005, -6.001470008238406e-008, 0.03845607528525161;
  0.003320163665204164, -0.03815499554436368, 1]
 E = 
 [12.48331524858616, 110.8060585962817, -72.00551846808858;
  -115.2535384291837, -0.2141794712917, 79.70781350101723;
  65.48542072333079, -78.90948974530254, -0.07985002388152651]
 #point pairs (12)
p2D 1 = [400, 81]
p2D 2 = [397, 85]
p2D 1 = [233, 203]
p2D 2 = [239, 194]
p2D 1 = [250, 152]
p2D 2 = [255, 145]
p2D 1 = [255, 275]
p2D 2 = [256, 267]
p2D 1 = [135, 307]
p2D 2 = [142, 289]
p2D 1 = [213, 383]
p2D 2 = [215, 371]
p2D 1 = [368, 73]
p2D 2 = [364, 74]
p2D 1 = [142, 328]
p2D 2 = [148, 313]
p2D 1 = [124, 284]
p2D 2 = [132, 266]
p2D 1 = [236, 291]
p2D 2 = [239, 281]
p2D 1 = [231, 366]
p2D 2 = [230, 357]
p2D 1 = [313, 159]
p2D 2 = [307, 157]
 #point 3Ds (12)
p3D = [-536.9620915532978, -5620.3742101266644, -11197.432787172143]
p3D = [63.183606826115586, -19082.072581367276, -33709.530336797805]
p3D = [-36.418589011680432, -14585.107967882705, -26897.739839936447]
p3D = [-141.31933298025868, -9067.8168712102797, -15189.526639947169]
p3D = [74.694345677684552, -1763.7244169249464, -2840.265401344092]
