#Unique 3D-points (47)
p3D = [-602.46458747521899, -6305.9942050889658, -12563.398394652662]
  C1.id = 0
  C2.id = 1
   p2D1 = [402, 71]
   p2D2 = [404, 74]
p3D = [-321.22644545400527, -11868.64237385191, -22798.438511040342]
  C1.id = 0
  C2.id = 1
   p2D1 = [295, 121]
   p2D2 = [292, 117]
p3D = [70.833487657085172, -21395.854126827162, -37796.967357572888]
  C1.id = 0
  C2.id = 1
   p2D1 = [240, 229]
   p2D2 = [234, 221]
p3D = [35.807869524436455, 869.28573426271589, 1712.6408918920961]
  C1.id = 0
  C2.id = 1
   p2D1 = [318, 93]
   p2D2 = [315, 91]
p3D = [-40.855070308460931, -16365.493156308861, -30181.095397324611]
  C1.id = 0
  C2.id = 1
   p2D1 = [254, 174]
   p2D2 = [250, 166]
p3D = [20.656297389717722, 508.66874949115038, 869.14679482404358]
  C1.id = 0
  C2.id = 1
   p2D1 = [322, 271]
   p2D2 = [311, 271]
p3D = [26.264534178835973, 612.90803801608831, 1103.2273054542159]
  C1.id = 0
  C2.id = 1
   p2D1 = [326, 204]
   p2D2 = [317, 202]
p3D = [734.42004568401182, 26377.172554882909, 42781.387170940929]
  C1.id = 0
  C2.id = 1
   p2D1 = [295, 342]
   p2D2 = [286, 337]
p3D = [-137.00434806604622, -18899.675211627811, -29518.795804215089]
  C1.id = 0
  C2.id = 1
   p2D1 = [251, 400]
   p2D2 = [241, 390]
p3D = [31.204702849137835, 1268.6508938311144, 2323.0884488122515]
  C1.id = 0
  C2.id = 1
   p2D1 = [290, 182]
   p2D2 = [287, 177]
p3D = [26.421922345977308, 477.63591839274778, 723.45391034619388]
  C1.id = 0
  C2.id = 1
   p2D1 = [355, 443]
   p2D2 = [342, 443]
p3D = [56.568284295207057, 2441.7383146274228, 3854.1073117177712]
  C1.id = 0
  C2.id = 1
   p2D1 = [286, 382]
   p2D2 = [277, 376]
p3D = [-83.581079576209106, -6864.2301845478296, -10932.557632490209]
  C1.id = 0
  C2.id = 1
   p2D1 = [264, 369]
   p2D2 = [255, 361]
p3D = [-543.09968768241379, -11991.87086711653, -19635.513040968326]
  C1.id = 0
  C2.id = 1
   p2D1 = [331, 324]
   p2D2 = [323, 323]
p3D = [10.58983154642239, -23950.176585174195, -36983.485198155206]
  C1.id = 0
  C2.id = 1
   p2D1 = [234, 417]
   p2D2 = [223, 407]
p3D = [22.104164598483869, -439.78653842489189, -715.99548937458258]
  C1.id = 0
  C2.id = 1
   p2D1 = [145, 338]
   p2D2 = [131, 321]
p3D = [27.246646500920434, 499.09098923940013, 775.91729759668704]
  C1.id = 0
  C2.id = 1
   p2D1 = [353, 404]
   p2D2 = [339, 404]
p3D = [15.947163724332427, -296.37101538959746, -471.83547076008898]
  C1.id = 0
  C2.id = 1
   p2D1 = [133, 369]
   p2D2 = [117, 350]
p3D = [-748.22833448260974, -7478.4710698073022, -12964.484969408679]
  C1.id = 0
  C2.id = 1
   p2D1 = [430, 239]
   p2D2 = [424, 246]
p3D = [-501.50921571395406, -6829.4688828677981, -13670.345696365943]
  C1.id = 0
  C2.id = 1
   p2D1 = [370, 72]
   p2D2 = [368, 74]
p3D = [19.459302328080387, 298.15086575264354, 463.22191263130577]
  C1.id = 0
  C2.id = 1
   p2D1 = [374, 405]
   p2D2 = [362, 409]
p3D = [37.702737162211143, 1967.0827339551158, 3451.216580754894]
  C1.id = 0
  C2.id = 1
   p2D1 = [281, 236]
   p2D2 = [273, 231]
p3D = [5.852445997387516, -1397.4699722628243, -2372.3146852296923]
  C1.id = 0
  C2.id = 1
   p2D1 = [235, 280]
   p2D2 = [228, 270]
p3D = [0.071699489465025912, -5131.6267902901045, -7768.3967447464411]
  C1.id = 0
  C2.id = 1
   p2D1 = [237, 444]
   p2D2 = [225, 435]
p3D = [26.568769091180926, 329.32386284773696, 501.76173036801487]
  C1.id = 0
  C2.id = 1
   p2D1 = [406, 434]
   p2D2 = [397, 438]
p3D = [83.779785431633528, -1978.2484692354669, -3185.7355084835431]
  C1.id = 0
  C2.id = 1
   p2D1 = [158, 358]
   p2D2 = [144, 342]
p3D = [9.9341910000297151, -403.65751140128719, -608.60389614733037]
  C1.id = 0
  C2.id = 1
   p2D1 = [185, 450]
   p2D2 = [170, 434]
p3D = [33.777097349114626, 332.15962876951153, 562.80632217190873]
  C1.id = 0
  C2.id = 1
   p2D1 = [437, 282]
   p2D2 = [426, 288]
p3D = [14.06015333887945, -364.46371821778098, -554.91964154543507]
  C1.id = 0
  C2.id = 1
   p2D1 = [156, 436]
   p2D2 = [143, 417]
p3D = [149.33139245597476, -3934.3943913677463, -6253.2833404947569]
  C1.id = 0
  C2.id = 1
   p2D1 = [166, 378]
   p2D2 = [151, 361]
p3D = [41.779139303606726, 898.07192345106444, 1733.6432324758093]
  C1.id = 0
  C2.id = 1
   p2D1 = [327, 117]
   p2D2 = [324, 115]
p3D = [107.23926943829125, 1728.9246838671313, 3360.127145347476]
  C1.id = 0
  C2.id = 1
   p2D1 = [353, 109]
   p2D2 = [349, 106]
p3D = [-158.52621599058276, -10171.731296329064, -17038.698504616954]
  C1.id = 0
  C2.id = 1
   p2D1 = [271, 298]
   p2D2 = [264, 289]
p3D = [3.8070724228879773, -374.9874529438527, -563.20352198829971]
  C1.id = 0
  C2.id = 1
   p2D1 = [215, 456]
   p2D2 = [201, 440]
p3D = [24.855037651292321, 341.9979545868826, 515.61469207342293]
  C1.id = 0
  C2.id = 1
   p2D1 = [392, 450]
   p2D2 = [379, 453]
p3D = [-110.64698647926359, -27574.101936229032, -45556.970167868749]
  C1.id = 0
  C2.id = 1
   p2D1 = [247, 318]
   p2D2 = [240, 309]
p3D = [332.5185332627143, 86913.306648077836, 139158.1420016223]
  C1.id = 0
  C2.id = 1
   p2D1 = [244, 364]
   p2D2 = [236, 354]
p3D = [-205.12382643836108, -4166.6266222929016, -7719.780276847624]
  C1.id = 0
  C2.id = 1
   p2D1 = [341, 164]
   p2D2 = [331, 163]
p3D = [22496.476904431685, 398249.20288949204, 654303.34790179704]
  C1.id = 0
  C2.id = 1
   p2D1 = [353, 327]
   p2D2 = [345, 317]
p3D = [43.003622171665185, 550.8458999959862, 1158.9295745676318]
  C1.id = 0
  C2.id = 1
   p2D1 = [370, 18]
   p2D2 = [372, 21]
p3D = [144.10517660550488, -5659.0086890944922, -8782.353801664558]
  C1.id = 0
  C2.id = 1
   p2D1 = [186, 412]
   p2D2 = [170, 397]
p3D = [22.353933529250362, -277.70150422642905, -456.88494736960467]
  C1.id = 0
  C2.id = 1
   p2D1 = [87, 322]
   p2D2 = [70, 302]
p3D = [11.110046359444659, -313.83257366334806, -488.35931176337118]
  C1.id = 0
  C2.id = 1
   p2D1 = [165, 403]
   p2D2 = [153, 384]
p3D = [69.496020683489832, 617.30498628907492, 1265.1267874485679]
  C1.id = 0
  C2.id = 1
   p2D1 = [427, 48]
   p2D2 = [429, 50]
p3D = [10.550997188234737, -324.98411102535636, -477.3807572962773]
  C1.id = 0
  C2.id = 1
   p2D1 = [164, 490]
   p2D2 = [148, 472]
p3D = [21.57750203037833, 346.66823496007498, 634.7421484217474]
  C1.id = 0
  C2.id = 1
   p2D1 = [361, 183]
   p2D2 = [350, 184]
p3D = [30.698477198336917, 486.81281954221515, 825.10175756375611]
  C1.id = 0
  C2.id = 1
   p2D1 = [364, 282]
   p2D2 = [354, 283]

#Camera1 (of 11)
id = 0
P  = 
 [3217.328669180762, -78.60664100822618, 289.8672403229193, 0;
  0, 2292.424143977958, -1070.516234777778, 0;
  0, 0, 1, 0]
K  = 
 [3217.328669180762, -78.60664100822618, 289.8672403229193;
  0, 2292.424143977958, -1070.516234777778;
  0, 0, 1]
C  = 
 [1, 0, 0, 0;
  0, 1, 0, 0;
  0, 0, 1, 0]
R  = 
 [1, 0, 0;
  0, 1, 0;
  0, 0, 1]
t  = [0; 0; 0]
 #image points (47)
p2D = [402, 71]
p2D = [295, 121]
p2D = [240, 229]
p2D = [318, 93]
p2D = [254, 174]
p2D = [322, 271]
p2D = [326, 204]
p2D = [295, 342]
p2D = [251, 400]
p2D = [290, 182]
p2D = [355, 443]
p2D = [286, 382]
p2D = [264, 369]
p2D = [331, 324]
p2D = [234, 417]
p2D = [145, 338]
p2D = [353, 404]
p2D = [133, 369]
p2D = [430, 239]
p2D = [370, 72]
p2D = [374, 405]
p2D = [281, 236]
p2D = [235, 280]
p2D = [237, 444]
p2D = [406, 434]
p2D = [158, 358]
p2D = [185, 450]
p2D = [437, 282]
p2D = [156, 436]
p2D = [166, 378]
p2D = [327, 117]
p2D = [353, 109]
p2D = [271, 298]
p2D = [215, 456]
p2D = [392, 450]
p2D = [247, 318]
p2D = [244, 364]
p2D = [341, 164]
p2D = [353, 327]
p2D = [370, 18]
p2D = [186, 412]
p2D = [87, 322]
p2D = [165, 403]
p2D = [427, 48]
p2D = [164, 490]
p2D = [361, 183]
p2D = [364, 282]
 #visible 3D-points (47)
p3D = [-602.46458747521899, -6305.9942050889658, -12563.398394652662]
p3D = [-321.22644545400527, -11868.64237385191, -22798.438511040342]
p3D = [70.833487657085172, -21395.854126827162, -37796.967357572888]
p3D = [35.807869524436455, 869.28573426271589, 1712.6408918920961]
p3D = [-40.855070308460931, -16365.493156308861, -30181.095397324611]
p3D = [20.656297389717722, 508.66874949115038, 869.14679482404358]
p3D = [26.264534178835973, 612.90803801608831, 1103.2273054542159]
p3D = [734.42004568401182, 26377.172554882909, 42781.387170940929]
p3D = [-137.00434806604622, -18899.675211627811, -29518.795804215089]
p3D = [31.204702849137835, 1268.6508938311144, 2323.0884488122515]
p3D = [26.421922345977308, 477.63591839274778, 723.45391034619388]
p3D = [56.568284295207057, 2441.7383146274228, 3854.1073117177712]
p3D = [-83.581079576209106, -6864.2301845478296, -10932.557632490209]
p3D = [-543.09968768241379, -11991.87086711653, -19635.513040968326]
p3D = [10.58983154642239, -23950.176585174195, -36983.485198155206]
p3D = [22.104164598483869, -439.78653842489189, -715.99548937458258]
p3D = [27.246646500920434, 499.09098923940013, 775.91729759668704]
p3D = [15.947163724332427, -296.37101538959746, -471.83547076008898]
p3D = [-748.22833448260974, -7478.4710698073022, -12964.484969408679]
p3D = [-501.50921571395406, -6829.4688828677981, -13670.345696365943]
p3D = [19.459302328080387, 298.15086575264354, 463.22191263130577]
p3D = [37.702737162211143, 1967.0827339551158, 3451.216580754894]
p3D = [5.852445997387516, -1397.4699722628243, -2372.3146852296923]
p3D = [0.071699489465025912, -5131.6267902901045, -7768.3967447464411]
p3D = [26.568769091180926, 329.32386284773696, 501.76173036801487]
p3D = [83.779785431633528, -1978.2484692354669, -3185.7355084835431]
p3D = [9.9341910000297151, -403.65751140128719, -608.60389614733037]
p3D = [33.777097349114626, 332.15962876951153, 562.80632217190873]
p3D = [14.06015333887945, -364.46371821778098, -554.91964154543507]
p3D = [149.33139245597476, -3934.3943913677463, -6253.2833404947569]
p3D = [41.779139303606726, 898.07192345106444, 1733.6432324758093]
p3D = [107.23926943829125, 1728.9246838671313, 3360.127145347476]
p3D = [-158.52621599058276, -10171.731296329064, -17038.698504616954]
p3D = [3.8070724228879773, -374.9874529438527, -563.20352198829971]
p3D = [24.855037651292321, 341.9979545868826, 515.61469207342293]
p3D = [-110.64698647926359, -27574.101936229032, -45556.970167868749]
p3D = [332.5185332627143, 86913.306648077836, 139158.1420016223]
p3D = [-205.12382643836108, -4166.6266222929016, -7719.780276847624]
p3D = [22496.476904431685, 398249.20288949204, 654303.34790179704]
p3D = [43.003622171665185, 550.8458999959862, 1158.9295745676318]
p3D = [144.10517660550488, -5659.0086890944922, -8782.353801664558]
p3D = [22.353933529250362, -277.70150422642905, -456.88494736960467]
p3D = [11.110046359444659, -313.83257366334806, -488.35931176337118]
p3D = [69.496020683489832, 617.30498628907492, 1265.1267874485679]
p3D = [10.550997188234737, -324.98411102535636, -477.3807572962773]
p3D = [21.57750203037833, 346.66823496007498, 634.7421484217474]
p3D = [30.698477198336917, 486.81281954221515, 825.10175756375611]
#Camera2 (of 11)
id = 1
P  = 
 [3210.564896588554, -158.6857797659231, 329.389821714162, 335.9123928481025;
  70.70984680750999, 2288.932562800226, -1075.639951532626, 162.2072086346001;
  -0.01217478955776942, 0.002578187570030269, 0.9999225607256183, 0.8764558384872555]
K  = 
 [3217.328669180762, -78.60664100822618, 289.8672403229193;
  0, 2292.424143977958, -1070.516234777778;
  0, 0, 1]
C  = 
 [0.9996093075079553, -0.02513002717659236, 0.01223577041178038, 0.03717099424699944;
  0.025159627236708, 0.9996808664183573, -0.002271227499047534, 0.4800452899136619;
  -0.01217478955776942, 0.002578187570030269, 0.9999225607256183, 0.8764558384872555]
R  = 
 [0.9996093075079553, -0.02513002717659236, 0.01223577041178038;
  0.025159627236708, 0.9996808664183573, -0.002271227499047534;
  -0.01217478955776942, 0.002578187570030269, 0.9999225607256183]
t  = [0.03717099424699944; 0.4800452899136619; 0.8764558384872555]
 #image points (47)
p2D = [404, 74]
p2D = [292, 117]
p2D = [234, 221]
p2D = [315, 91]
p2D = [250, 166]
p2D = [311, 271]
p2D = [317, 202]
p2D = [286, 337]
p2D = [241, 390]
p2D = [287, 177]
p2D = [342, 443]
p2D = [277, 376]
p2D = [255, 361]
p2D = [323, 323]
p2D = [223, 407]
p2D = [131, 321]
p2D = [339, 404]
p2D = [117, 350]
p2D = [424, 246]
p2D = [368, 74]
p2D = [362, 409]
p2D = [273, 231]
p2D = [228, 270]
p2D = [225, 435]
p2D = [397, 438]
p2D = [144, 342]
p2D = [170, 434]
p2D = [426, 288]
p2D = [143, 417]
p2D = [151, 361]
p2D = [324, 115]
p2D = [349, 106]
p2D = [264, 289]
p2D = [201, 440]
p2D = [379, 453]
p2D = [240, 309]
p2D = [236, 354]
p2D = [331, 163]
p2D = [345, 317]
p2D = [372, 21]
p2D = [170, 397]
p2D = [70, 302]
p2D = [153, 384]
p2D = [429, 50]
p2D = [148, 472]
p2D = [350, 184]
p2D = [354, 283]
 #visible 3D-points (47)
p3D = [-602.46458747521899, -6305.9942050889658, -12563.398394652662]
p3D = [-321.22644545400527, -11868.64237385191, -22798.438511040342]
p3D = [70.833487657085172, -21395.854126827162, -37796.967357572888]
p3D = [35.807869524436455, 869.28573426271589, 1712.6408918920961]
p3D = [-40.855070308460931, -16365.493156308861, -30181.095397324611]
p3D = [20.656297389717722, 508.66874949115038, 869.14679482404358]
p3D = [26.264534178835973, 612.90803801608831, 1103.2273054542159]
p3D = [734.42004568401182, 26377.172554882909, 42781.387170940929]
p3D = [-137.00434806604622, -18899.675211627811, -29518.795804215089]
p3D = [31.204702849137835, 1268.6508938311144, 2323.0884488122515]
p3D = [26.421922345977308, 477.63591839274778, 723.45391034619388]
p3D = [56.568284295207057, 2441.7383146274228, 3854.1073117177712]
p3D = [-83.581079576209106, -6864.2301845478296, -10932.557632490209]
p3D = [-543.09968768241379, -11991.87086711653, -19635.513040968326]
p3D = [10.58983154642239, -23950.176585174195, -36983.485198155206]
p3D = [22.104164598483869, -439.78653842489189, -715.99548937458258]
p3D = [27.246646500920434, 499.09098923940013, 775.91729759668704]
p3D = [15.947163724332427, -296.37101538959746, -471.83547076008898]
p3D = [-748.22833448260974, -7478.4710698073022, -12964.484969408679]
p3D = [-501.50921571395406, -6829.4688828677981, -13670.345696365943]
p3D = [19.459302328080387, 298.15086575264354, 463.22191263130577]
p3D = [37.702737162211143, 1967.0827339551158, 3451.216580754894]
p3D = [5.852445997387516, -1397.4699722628243, -2372.3146852296923]
p3D = [0.071699489465025912, -5131.6267902901045, -7768.3967447464411]
p3D = [26.568769091180926, 329.32386284773696, 501.76173036801487]
p3D = [83.779785431633528, -1978.2484692354669, -3185.7355084835431]
p3D = [9.9341910000297151, -403.65751140128719, -608.60389614733037]
p3D = [33.777097349114626, 332.15962876951153, 562.80632217190873]
p3D = [14.06015333887945, -364.46371821778098, -554.91964154543507]
p3D = [149.33139245597476, -3934.3943913677463, -6253.2833404947569]
p3D = [41.779139303606726, 898.07192345106444, 1733.6432324758093]
p3D = [107.23926943829125, 1728.9246838671313, 3360.127145347476]
p3D = [-158.52621599058276, -10171.731296329064, -17038.698504616954]
p3D = [3.8070724228879773, -374.9874529438527, -563.20352198829971]
p3D = [24.855037651292321, 341.9979545868826, 515.61469207342293]
p3D = [-110.64698647926359, -27574.101936229032, -45556.970167868749]
p3D = [332.5185332627143, 86913.306648077836, 139158.1420016223]
p3D = [-205.12382643836108, -4166.6266222929016, -7719.780276847624]
p3D = [22496.476904431685, 398249.20288949204, 654303.34790179704]
p3D = [43.003622171665185, 550.8458999959862, 1158.9295745676318]
p3D = [144.10517660550488, -5659.0086890944922, -8782.353801664558]
p3D = [22.353933529250362, -277.70150422642905, -456.88494736960467]
p3D = [11.110046359444659, -313.83257366334806, -488.35931176337118]
p3D = [69.496020683489832, 617.30498628907492, 1265.1267874485679]
p3D = [10.550997188234737, -324.98411102535636, -477.3807572962773]
p3D = [21.57750203037833, 346.66823496007498, 634.7421484217474]
p3D = [30.698477198336917, 486.81281954221515, 825.10175756375611]
#Camera3 (of 11)
id = 2
P  = 
 [3193.335439905679, -289.2764147942898, 400.4169210231295, -298.570031438788;
  188.2526474674834, 2280.933990161843, -1078.477880191209, 137.9566022943519;
  -0.03399925750871326, 0.006014669157592148, 0.9994037593704463, -0.01883239173096862]
K  = 
 [3217.328669180762, -78.60664100822618, 289.8672403229193;
  0, 2292.424143977958, -1070.516234777778;
  0, 0, 1]
C  = 
 [0.9972241386010678, -0.06607544979068521, 0.03432276688026525, -0.08984843181073712;
  0.06624249301026193, 0.9977965016424358, -0.003751457037212709, 0.05138500286524106;
  -0.03399925750871326, 0.006014669157592148, 0.9994037593704463, -0.01883239173096862]
R  = 
 [0.9972241386010678, -0.06607544979068521, 0.03432276688026525;
  0.06624249301026193, 0.9977965016424358, -0.003751457037212709;
  -0.03399925750871326, 0.006014669157592148, 0.9994037593704463]
t  = [-0.08984843181073712; 0.05138500286524106; -0.01883239173096862]
 #image points (26)
p2D = [403, 78]
p2D = [232, 212]
p2D = [294, 113]
p2D = [248, 159]
p2D = [125, 303]
p2D = [233, 380]
p2D = [278, 331]
p2D = [282, 173]
p2D = [309, 200]
p2D = [216, 395]
p2D = [259, 283]
p2D = [415, 251]
p2D = [136, 325]
p2D = [376, 72]
p2D = [310, 320]
p2D = [414, 294]
p2D = [164, 381]
p2D = [139, 345]
p2D = [322, 161]
p2D = [331, 316]
p2D = [133, 399]
p2D = [236, 301]
p2D = [232, 344]
p2D = [380, 22]
p2D = [341, 187]
p2D = [139, 453]
 #visible 3D-points (26)
p3D = [-602.46458747521899, -6305.9942050889658, -12563.398394652662]
p3D = [70.833487657085172, -21395.854126827162, -37796.967357572888]
p3D = [-321.22644545400527, -11868.64237385191, -22798.438511040342]
p3D = [-40.855070308460931, -16365.493156308861, -30181.095397324611]
p3D = [22.104164598483869, -439.78653842489189, -715.99548937458258]
p3D = [-137.00434806604622, -18899.675211627811, -29518.795804215089]
p3D = [734.42004568401182, 26377.172554882909, 42781.387170940929]
p3D = [31.204702849137835, 1268.6508938311144, 2323.0884488122515]
p3D = [26.264534178835973, 612.90803801608831, 1103.2273054542159]
p3D = [10.58983154642239, -23950.176585174195, -36983.485198155206]
p3D = [-158.52621599058276, -10171.731296329064, -17038.698504616954]
p3D = [-748.22833448260974, -7478.4710698073022, -12964.484969408679]
p3D = [83.779785431633528, -1978.2484692354669, -3185.7355084835431]
p3D = [-501.50921571395406, -6829.4688828677981, -13670.345696365943]
p3D = [-543.09968768241379, -11991.87086711653, -19635.513040968326]
p3D = [33.777097349114626, 332.15962876951153, 562.80632217190873]
p3D = [144.10517660550488, -5659.0086890944922, -8782.353801664558]
p3D = [149.33139245597476, -3934.3943913677463, -6253.2833404947569]
p3D = [-205.12382643836108, -4166.6266222929016, -7719.780276847624]
p3D = [22496.476904431685, 398249.20288949204, 654303.34790179704]
p3D = [14.06015333887945, -364.46371821778098, -554.91964154543507]
p3D = [-110.64698647926359, -27574.101936229032, -45556.970167868749]
p3D = [332.5185332627143, 86913.306648077836, 139158.1420016223]
p3D = [43.003622171665185, 550.8458999959862, 1158.9295745676318]
p3D = [21.57750203037833, 346.66823496007498, 634.7421484217474]
p3D = [10.550997188234737, -324.98411102535636, -477.3807572962773]
#Camera4 (of 11)
id = 3
P  = 
 [3180.45126436672, -356.1997355431207, 446.3824480673725, 1545.910659165156;
  252.2781046901067, 2272.703080233226, -1082.76956542389, 117.946443536548;
  -0.04790784590649674, 0.01013790347395432, 0.9988003109800038, 0.7646549992922014]
K  = 
 [3217.328669180762, -78.60664100822618, 289.8672403229193;
  0, 2292.424143977958, -1070.516234777778;
  0, 0, 1]
C  = 
 [0.9949963066969395, -0.08728851179263986, 0.04861137077347316, 0.4215843224668415;
  0.08767661010810848, 0.9961314866131774, -0.005905371941865403, 0.4085291270130004;
  -0.04790784590649674, 0.01013790347395432, 0.9988003109800038, 0.7646549992922014]
R  = 
 [0.9949963066969395, -0.08728851179263986, 0.04861137077347316;
  0.08767661010810848, 0.9961314866131774, -0.005905371941865403;
  -0.04790784590649674, 0.01013790347395432, 0.9988003109800038]
t  = [0.4215843224668415; 0.4085291270130004; 0.7646549992922014]
 #image points (17)
p2D = [400, 81]
p2D = [233, 203]
p2D = [297, 109]
p2D = [255, 275]
p2D = [250, 152]
p2D = [135, 307]
p2D = [213, 383]
p2D = [124, 284]
p2D = [231, 366]
p2D = [405, 256]
p2D = [368, 73]
p2D = [306, 314]
p2D = [313, 159]
p2D = [236, 291]
p2D = [162, 365]
p2D = [142, 328]
p2D = [232, 335]
 #visible 3D-points (17)
p3D = [-602.46458747521899, -6305.9942050889658, -12563.398394652662]
p3D = [70.833487657085172, -21395.854126827162, -37796.967357572888]
p3D = [-321.22644545400527, -11868.64237385191, -22798.438511040342]
p3D = [-158.52621599058276, -10171.731296329064, -17038.698504616954]
p3D = [-40.855070308460931, -16365.493156308861, -30181.095397324611]
p3D = [83.779785431633528, -1978.2484692354669, -3185.7355084835431]
p3D = [10.58983154642239, -23950.176585174195, -36983.485198155206]
p3D = [22.104164598483869, -439.78653842489189, -715.99548937458258]
p3D = [-137.00434806604622, -18899.675211627811, -29518.795804215089]
p3D = [-748.22833448260974, -7478.4710698073022, -12964.484969408679]
p3D = [-501.50921571395406, -6829.4688828677981, -13670.345696365943]
p3D = [-543.09968768241379, -11991.87086711653, -19635.513040968326]
p3D = [-205.12382643836108, -4166.6266222929016, -7719.780276847624]
p3D = [-110.64698647926359, -27574.101936229032, -45556.970167868749]
p3D = [144.10517660550488, -5659.0086890944922, -8782.353801664558]
p3D = [149.33139245597476, -3934.3943913677463, -6253.2833404947569]
p3D = [332.5185332627143, 86913.306648077836, 139158.1420016223]
#Camera5 (of 11)
id = 4
P  = 
 [3175.026013702578, -379.0973972498999, 465.7260592513001, 3378.655981655768;
  275.9113198609302, 2267.050942950058, -1088.837191896804, 400.0803222347172;
  -0.05350908132732679, 0.01385945054147174, 0.9984711782751639, 1.48841602061764]
K  = 
 [3217.328669180762, -78.60664100822618, 289.8672403229193;
  0, 2292.424143977958, -1070.516234777778;
  0, 0, 1]
C  = 
 [0.9940026663093302, -0.09475856523244812, 0.05458492177360153, 0.937289370331841;
  0.09537021330293778, 0.9954038024569609, -0.008705887018321349, 0.8695833367685921;
  -0.05350908132732679, 0.01385945054147174, 0.9984711782751639, 1.48841602061764]
R  = 
 [0.9940026663093302, -0.09475856523244812, 0.05458492177360153;
  0.09537021330293778, 0.9954038024569609, -0.008705887018321349;
  -0.05350908132732679, 0.01385945054147174, 0.9984711782751639]
t  = [0.937289370331841; 0.8695833367685921; 1.48841602061764]
 #image points (12)
p2D = [397, 85]
p2D = [239, 194]
p2D = [255, 145]
p2D = [256, 267]
p2D = [142, 289]
p2D = [215, 371]
p2D = [364, 74]
p2D = [148, 313]
p2D = [132, 266]
p2D = [239, 281]
p2D = [230, 357]
p2D = [307, 157]
 #visible 3D-points (12)
p3D = [-602.46458747521899, -6305.9942050889658, -12563.398394652662]
p3D = [70.833487657085172, -21395.854126827162, -37796.967357572888]
p3D = [-40.855070308460931, -16365.493156308861, -30181.095397324611]
p3D = [-158.52621599058276, -10171.731296329064, -17038.698504616954]
p3D = [83.779785431633528, -1978.2484692354669, -3185.7355084835431]
p3D = [10.58983154642239, -23950.176585174195, -36983.485198155206]
p3D = [-501.50921571395406, -6829.4688828677981, -13670.345696365943]
p3D = [149.33139245597476, -3934.3943913677463, -6253.2833404947569]
p3D = [22.104164598483869, -439.78653842489189, -715.99548937458258]
p3D = [-110.64698647926359, -27574.101936229032, -45556.970167868749]
p3D = [-137.00434806604622, -18899.675211627811, -29518.795804215089]
p3D = [-205.12382643836108, -4166.6266222929016, -7719.780276847624]
#Camera6 (of 11)
id = 5
P  = 
 [3169.714906357026, -396.9206199219373, 486.5873204824882, 3715.480674909337;
  296.4808870455593, 2261.764344142263, -1094.410617638217, 280.6448753084671;
  -0.05958221101372258, 0.01744137151004508, 0.9980710188611655, 0.5922957424690817]
K  = 
 [3217.328669180762, -78.60664100822618, 289.8672403229193;
  0, 2292.424143977958, -1070.516234777778;
  0, 0, 1]
C  = 
 [0.9930489833344638, -0.1006365149558742, 0.06104103993154109, 1.11121958105857;
  0.1015070284714517, 0.994770370697371, -0.01132399017622245, 0.3990130211349632;
  -0.05958221101372258, 0.01744137151004508, 0.9980710188611655, 0.5922957424690817]
R  = 
 [0.9930489833344638, -0.1006365149558742, 0.06104103993154109;
  0.1015070284714517, 0.994770370697371, -0.01132399017622245;
  -0.05958221101372258, 0.01744137151004508, 0.9980710188611655]
t  = [1.11121958105857; 0.3990130211349632; 0.5922957424690817]
 #image points (8)
p2D = [391, 87]
p2D = [247, 186]
p2D = [263, 138]
p2D = [148, 246]
p2D = [365, 74]
p2D = [159, 295]
p2D = [155, 272]
p2D = [246, 272]
 #visible 3D-points (8)
p3D = [-602.46458747521899, -6305.9942050889658, -12563.398394652662]
p3D = [70.833487657085172, -21395.854126827162, -37796.967357572888]
p3D = [-40.855070308460931, -16365.493156308861, -30181.095397324611]
p3D = [22.104164598483869, -439.78653842489189, -715.99548937458258]
p3D = [-501.50921571395406, -6829.4688828677981, -13670.345696365943]
p3D = [149.33139245597476, -3934.3943913677463, -6253.2833404947569]
p3D = [83.779785431633528, -1978.2484692354669, -3185.7355084835431]
p3D = [-110.64698647926359, -27574.101936229032, -45556.970167868749]
#Camera7 (of 11)
id = 6
P  = 
 [3181.261726298744, -327.4477181242644, 462.3392771952472, 7163.230155880548;
  239.3290693413613, 2263.625491926757, -1104.506538542624, -142.4369132227011;
  -0.05195692012424972, 0.01975479060813596, 0.9984539181650954, 0.4134532714086844]
K  = 
 [3217.328669180762, -78.60664100822618, 289.8672403229193;
  0, 2292.424143977958, -1070.516234777778;
  0, 0, 1]
C  = 
 [0.9954288097433466, -0.07920536410851167, 0.05336660968604288, 2.192401562815312;
  0.0801371523336504, 0.9966625600194214, -0.01554922092538775, 0.1309406581372861;
  -0.05195692012424972, 0.01975479060813596, 0.9984539181650954, 0.4134532714086844]
R  = 
 [0.9954288097433466, -0.07920536410851167, 0.05336660968604288;
  0.0801371523336504, 0.9966625600194214, -0.01554922092538775;
  -0.05195692012424972, 0.01975479060813596, 0.9984539181650954]
t  = [2.192401562815312; 0.1309406581372861; 0.4134532714086844]
 #image points (7)
p2D = [385, 90]
p2D = [259, 178]
p2D = [273, 132]
p2D = [356, 76]
p2D = [174, 256]
p2D = [169, 231]
p2D = [176, 279]
 #visible 3D-points (7)
p3D = [-602.46458747521899, -6305.9942050889658, -12563.398394652662]
p3D = [70.833487657085172, -21395.854126827162, -37796.967357572888]
p3D = [-40.855070308460931, -16365.493156308861, -30181.095397324611]
p3D = [-501.50921571395406, -6829.4688828677981, -13670.345696365943]
p3D = [83.779785431633528, -1978.2484692354669, -3185.7355084835431]
p3D = [22.104164598483869, -439.78653842489189, -715.99548937458258]
p3D = [149.33139245597476, -3934.3943913677463, -6253.2833404947569]
#Camera8 (of 11)
id = 7
P  = 
 [3203.941649230894, -166.6949847454432, 385.1966730643066, 10147.97209556884;
  98.44333466099056, 2271.904510693306, -1109.041148455772, 228.2735968560065;
  -0.02875228968477671, 0.01792269800111091, 0.9994258765582587, 0.2882152119152949]
K  = 
 [3217.328669180762, -78.60664100822618, 289.8672403229193;
  0, 2292.424143977958, -1070.516234777778;
  0, 0, 1]
C  = 
 [0.9991506906118681, -0.02900830713933542, 0.02926457870424572, 3.133915168097431;
  0.02951615299644744, 0.9994184784229632, -0.01707342083530276, 0.2341681236133451;
  -0.02875228968477671, 0.01792269800111091, 0.9994258765582587, 0.2882152119152949]
R  = 
 [0.9991506906118681, -0.02900830713933542, 0.02926457870424572;
  0.02951615299644744, 0.9994184784229632, -0.01707342083530276;
  -0.02875228968477671, 0.01792269800111091, 0.9994258765582587]
t  = [3.133915168097431; 0.2341681236133451; 0.2882152119152949]
 #image points (5)
p2D = [377, 93]
p2D = [197, 242]
p2D = [351, 76]
p2D = [194, 217]
p2D = [199, 265]
 #visible 3D-points (5)
p3D = [-602.46458747521899, -6305.9942050889658, -12563.398394652662]
p3D = [83.779785431633528, -1978.2484692354669, -3185.7355084835431]
p3D = [-501.50921571395406, -6829.4688828677981, -13670.345696365943]
p3D = [22.104164598483869, -439.78653842489189, -715.99548937458258]
p3D = [149.33139245597476, -3934.3943913677463, -6253.2833404947569]
#Camera9 (of 11)
id = 8
P  = 
 [3182.189365286697, -391.1093033812192, 402.6290387197373, 12530.14483947462;
  260.2878240224293, 2283.991637692219, -1056.809307507059, 497.5166797375033;
  -0.03562943582417068, -0.002235849684853067, 0.9993625689803666, -0.375298058781343]
K  = 
 [3217.328669180762, -78.60664100822618, 289.8672403229193;
  0, 2292.424143977958, -1070.516234777778;
  0, 0, 1]
C  = 
 [0.9946557620266258, -0.09704503840337085, 0.03524451146661917, 3.929413539250285;
  0.09690437745573559, 0.9952774796495071, 0.005681560739911598, 0.04176976375991766;
  -0.03562943582417068, -0.002235849684853067, 0.9993625689803666, -0.375298058781343]
R  = 
 [0.9946557620266258, -0.09704503840337085, 0.03524451146661917;
  0.09690437745573559, 0.9952774796495071, 0.005681560739911598;
  -0.03562943582417068, -0.002235849684853067, 0.9993625689803666]
t  = [3.929413539250285; 0.04176976375991766; -0.375298058781343]
 #image points (2)
p2D = [369, 95]
p2D = [223, 205]
 #visible 3D-points (2)
p3D = [-602.46458747521899, -6305.9942050889658, -12563.398394652662]
p3D = [22.104164598483869, -439.78653842489189, -715.99548937458258]
#Camera10 (of 11)
id = 9
P  = 
 [3203.630819685312, -256.298227517103, 335.3603677978067, 15000.58338087992;
  141.3911038426975, 2292.286521308494, -1061.43512510064, 1163.023360903593;
  -0.01443879646076889, -0.003121517833077379, 0.9998908826882973, -0.3689450771417584]
K  = 
 [3217.328669180762, -78.60664100822618, 289.8672403229193;
  0, 2292.424143977958, -1070.516234777778;
  0, 0, 1]
C  = 
 [0.9983855345906644, -0.05498538751174514, 0.01424540207563257, 4.703860459277292;
  0.05493492037745847, 0.9984822799061589, 0.003910401069109848, 0.3350434377947232;
  -0.01443879646076889, -0.003121517833077379, 0.9998908826882973, -0.3689450771417584]
R  = 
 [0.9983855345906644, -0.05498538751174514, 0.01424540207563257;
  0.05493492037745847, 0.9984822799061589, 0.003910401069109848;
  -0.01443879646076889, -0.003121517833077379, 0.9998908826882973]
t  = [4.703860459277292; 0.3350434377947232; -0.3689450771417584]
 #image points (1)
p2D = [360, 96]
 #visible 3D-points (1)
p3D = [-602.46458747521899, -6305.9942050889658, -12563.398394652662]
#Camera11 (of 11)
id = 10
P  = 
 [3183.137557424456, -391.7742479816255, 394.4033667297686, 14975.98748855284;
  258.3137714900682, 2281.92555297184, -1061.745370118752, 1626.110467956644;
  -0.03282048533846716, -0.0003790480377939296, 0.9994611908747295, -1.378980438857752]
K  = 
 [3217.328669180762, -78.60664100822618, 289.8672403229193;
  0, 2292.424143977958, -1070.516234777778;
  0, 0, 1]
C  = 
 [0.9947084112474152, -0.09741983912807098, 0.03262746600494997, 4.780627035003453;
  0.09735498105279902, 0.9952433025480985, 0.003574408673239104, 0.06538472433741582;
  -0.03282048533846716, -0.0003790480377939296, 0.9994611908747295, -1.378980438857752]
R  = 
 [0.9947084112474152, -0.09741983912807098, 0.03262746600494997;
  0.09735498105279902, 0.9952433025480985, 0.003574408673239104;
  -0.03282048533846716, -0.0003790480377939296, 0.9994611908747295]
t  = [4.780627035003453; 0.06538472433741582; -1.378980438857752]
 #image points (1)
p2D = [350, 96]
 #visible 3D-points (1)
p3D = [-602.46458747521899, -6305.9942050889658, -12563.398394652662]

#Camera pair (10)
C1.id = 0
C2.id = 1
 F = 
 [8.225423193702361e-006, 8.680185218805317e-005, -0.01921706376443627;
  -8.77887820244802e-005, 2.780366430656067e-006, 0.03313155447453593;
  0.0135242083159839, -0.03341038330481218, 1]
 E = 
 [85.14303153574987, 638.1252539755343, -353.1197581106674;
  -649.5648121201276, 14.84007462113046, 19.42033040695763;
  353.545186791084, -34.37220017301758, 3.832009036026001]
 #point pairs (47)
p2D 1 = [402, 71]
p2D 2 = [404, 74]
p2D 1 = [295, 121]
p2D 2 = [292, 117]
p2D 1 = [240, 229]
p2D 2 = [234, 221]
p2D 1 = [318, 93]
p2D 2 = [315, 91]
p2D 1 = [254, 174]
p2D 2 = [250, 166]
p2D 1 = [322, 271]
p2D 2 = [311, 271]
p2D 1 = [326, 204]
p2D 2 = [317, 202]
p2D 1 = [295, 342]
p2D 2 = [286, 337]
p2D 1 = [251, 400]
p2D 2 = [241, 390]
p2D 1 = [290, 182]
p2D 2 = [287, 177]
p2D 1 = [355, 443]
p2D 2 = [342, 443]
p2D 1 = [286, 382]
p2D 2 = [277, 376]
p2D 1 = [264, 369]
p2D 2 = [255, 361]
p2D 1 = [331, 324]
p2D 2 = [323, 323]
p2D 1 = [234, 417]
p2D 2 = [223, 407]
p2D 1 = [145, 338]
p2D 2 = [131, 321]
p2D 1 = [353, 404]
p2D 2 = [339, 404]
p2D 1 = [133, 369]
p2D 2 = [117, 350]
p2D 1 = [430, 239]
p2D 2 = [424, 246]
p2D 1 = [370, 72]
p2D 2 = [368, 74]
p2D 1 = [374, 405]
p2D 2 = [362, 409]
p2D 1 = [281, 236]
p2D 2 = [273, 231]
p2D 1 = [235, 280]
p2D 2 = [228, 270]
p2D 1 = [237, 444]
p2D 2 = [225, 435]
p2D 1 = [406, 434]
p2D 2 = [397, 438]
p2D 1 = [158, 358]
p2D 2 = [144, 342]
p2D 1 = [185, 450]
p2D 2 = [170, 434]
p2D 1 = [437, 282]
p2D 2 = [426, 288]
p2D 1 = [156, 436]
p2D 2 = [143, 417]
p2D 1 = [166, 378]
p2D 2 = [151, 361]
p2D 1 = [327, 117]
p2D 2 = [324, 115]
p2D 1 = [353, 109]
p2D 2 = [349, 106]
p2D 1 = [271, 298]
p2D 2 = [264, 289]
p2D 1 = [215, 456]
p2D 2 = [201, 440]
p2D 1 = [392, 450]
p2D 2 = [379, 453]
p2D 1 = [247, 318]
p2D 2 = [240, 309]
p2D 1 = [244, 364]
p2D 2 = [236, 354]
p2D 1 = [341, 164]
p2D 2 = [331, 163]
p2D 1 = [353, 327]
p2D 2 = [345, 317]
p2D 1 = [370, 18]
p2D 2 = [372, 21]
p2D 1 = [186, 412]
p2D 2 = [170, 397]
p2D 1 = [87, 322]
p2D 2 = [70, 302]
p2D 1 = [165, 403]
p2D 2 = [153, 384]
p2D 1 = [427, 48]
p2D 2 = [429, 50]
p2D 1 = [164, 490]
p2D 2 = [148, 472]
p2D 1 = [361, 183]
p2D 2 = [350, 184]
p2D 1 = [364, 282]
p2D 2 = [354, 283]
 #point 3Ds (47)
p3D = [-602.46458747521899, -6305.9942050889658, -12563.398394652662]
p3D = [-321.22644545400527, -11868.64237385191, -22798.438511040342]
p3D = [70.833487657085172, -21395.854126827162, -37796.967357572888]
p3D = [35.807869524436455, 869.28573426271589, 1712.6408918920961]
p3D = [-40.855070308460931, -16365.493156308861, -30181.095397324611]
p3D = [20.656297389717722, 508.66874949115038, 869.14679482404358]
p3D = [26.264534178835973, 612.90803801608831, 1103.2273054542159]
p3D = [734.42004568401182, 26377.172554882909, 42781.387170940929]
p3D = [-137.00434806604622, -18899.675211627811, -29518.795804215089]
p3D = [31.204702849137835, 1268.6508938311144, 2323.0884488122515]
p3D = [26.421922345977308, 477.63591839274778, 723.45391034619388]
p3D = [56.568284295207057, 2441.7383146274228, 3854.1073117177712]
p3D = [-83.581079576209106, -6864.2301845478296, -10932.557632490209]
p3D = [-543.09968768241379, -11991.87086711653, -19635.513040968326]
p3D = [10.58983154642239, -23950.176585174195, -36983.485198155206]
p3D = [22.104164598483869, -439.78653842489189, -715.99548937458258]
p3D = [27.246646500920434, 499.09098923940013, 775.91729759668704]
p3D = [15.947163724332427, -296.37101538959746, -471.83547076008898]
p3D = [-748.22833448260974, -7478.4710698073022, -12964.484969408679]
p3D = [-501.50921571395406, -6829.4688828677981, -13670.345696365943]
p3D = [19.459302328080387, 298.15086575264354, 463.22191263130577]
p3D = [37.702737162211143, 1967.0827339551158, 3451.216580754894]
p3D = [5.852445997387516, -1397.4699722628243, -2372.3146852296923]
p3D = [0.071699489465025912, -5131.6267902901045, -7768.3967447464411]
p3D = [26.568769091180926, 329.32386284773696, 501.76173036801487]
p3D = [83.779785431633528, -1978.2484692354669, -3185.7355084835431]
p3D = [9.9341910000297151, -403.65751140128719, -608.60389614733037]
p3D = [33.777097349114626, 332.15962876951153, 562.80632217190873]
p3D = [14.06015333887945, -364.46371821778098, -554.91964154543507]
p3D = [149.33139245597476, -3934.3943913677463, -6253.2833404947569]
p3D = [41.779139303606726, 898.07192345106444, 1733.6432324758093]
p3D = [107.23926943829125, 1728.9246838671313, 3360.127145347476]
p3D = [-158.52621599058276, -10171.731296329064, -17038.698504616954]
p3D = [3.8070724228879773, -374.9874529438527, -563.20352198829971]
p3D = [24.855037651292321, 341.9979545868826, 515.61469207342293]
p3D = [-110.64698647926359, -27574.101936229032, -45556.970167868749]
p3D = [332.5185332627143, 86913.306648077836, 139158.1420016223]
p3D = [-205.12382643836108, -4166.6266222929016, -7719.780276847624]
p3D = [22496.476904431685, 398249.20288949204, 654303.34790179704]
p3D = [43.003622171665185, 550.8458999959862, 1158.9295745676318]
p3D = [144.10517660550488, -5659.0086890944922, -8782.353801664558]
p3D = [22.353933529250362, -277.70150422642905, -456.88494736960467]
p3D = [11.110046359444659, -313.83257366334806, -488.35931176337118]
p3D = [69.496020683489832, 617.30498628907492, 1265.1267874485679]
p3D = [10.550997188234737, -324.98411102535636, -477.3807572962773]
p3D = [21.57750203037833, 346.66823496007498, 634.7421484217474]
p3D = [30.698477198336917, 486.81281954221515, 825.10175756375611]
C1.id = 1
C2.id = 2
 F = 
 [3.791594840046337e-006, 4.668349437634154e-005, -0.004187754295706083;
  -4.443748639708598e-005, 3.144268308969519e-006, 0.03036656952975617;
  0.0001197343243091895, -0.03181897869448237, 1]
 E = 
 [39.24757078566107, 343.3543615257685, -170.7247589446897;
  -328.7067847325183, 16.14248358192378, 36.53932293237222;
  156.9729641164078, -53.47295865088481, 4.600617021175232]
 #point pairs (26)
p2D 1 = [404, 74]
p2D 2 = [403, 78]
p2D 1 = [234, 221]
p2D 2 = [232, 212]
p2D 1 = [292, 117]
p2D 2 = [294, 113]
p2D 1 = [250, 166]
p2D 2 = [248, 159]
p2D 1 = [131, 321]
p2D 2 = [125, 303]
p2D 1 = [241, 390]
p2D 2 = [233, 380]
p2D 1 = [286, 337]
p2D 2 = [278, 331]
p2D 1 = [287, 177]
p2D 2 = [282, 173]
p2D 1 = [317, 202]
p2D 2 = [309, 200]
p2D 1 = [223, 407]
p2D 2 = [216, 395]
p2D 1 = [264, 289]
p2D 2 = [259, 283]
p2D 1 = [424, 246]
p2D 2 = [415, 251]
p2D 1 = [144, 342]
p2D 2 = [136, 325]
p2D 1 = [368, 74]
p2D 2 = [376, 72]
p2D 1 = [323, 323]
p2D 2 = [310, 320]
p2D 1 = [426, 288]
p2D 2 = [414, 294]
p2D 1 = [170, 397]
p2D 2 = [164, 381]
p2D 1 = [151, 361]
p2D 2 = [139, 345]
p2D 1 = [331, 163]
p2D 2 = [322, 161]
p2D 1 = [345, 317]
p2D 2 = [331, 316]
p2D 1 = [143, 417]
p2D 2 = [133, 399]
p2D 1 = [240, 309]
p2D 2 = [236, 301]
p2D 1 = [236, 354]
p2D 2 = [232, 344]
p2D 1 = [372, 21]
p2D 2 = [380, 22]
p2D 1 = [350, 184]
p2D 2 = [341, 187]
p2D 1 = [148, 472]
p2D 2 = [139, 453]
 #point 3Ds (26)
p3D = [-602.46458747521899, -6305.9942050889658, -12563.398394652662]
p3D = [70.833487657085172, -21395.854126827162, -37796.967357572888]
p3D = [-321.22644545400527, -11868.64237385191, -22798.438511040342]
p3D = [-40.855070308460931, -16365.493156308861, -30181.095397324611]
p3D = [22.104164598483869, -439.78653842489189, -715.99548937458258]
p3D = [-137.00434806604622, -18899.675211627811, -29518.795804215089]
p3D = [734.42004568401182, 26377.172554882909, 42781.387170940929]
p3D = [31.204702849137835, 1268.6508938311144, 2323.0884488122515]
p3D = [26.264534178835973, 612.90803801608831, 1103.2273054542159]
p3D = [10.58983154642239, -23950.176585174195, -36983.485198155206]
p3D = [-158.52621599058276, -10171.731296329064, -17038.698504616954]
p3D = [-748.22833448260974, -7478.4710698073022, -12964.484969408679]
p3D = [83.779785431633528, -1978.2484692354669, -3185.7355084835431]
p3D = [-501.50921571395406, -6829.4688828677981, -13670.345696365943]
p3D = [-543.09968768241379, -11991.87086711653, -19635.513040968326]
p3D = [33.777097349114626, 332.15962876951153, 562.80632217190873]
p3D = [144.10517660550488, -5659.0086890944922, -8782.353801664558]
p3D = [149.33139245597476, -3934.3943913677463, -6253.2833404947569]
p3D = [-205.12382643836108, -4166.6266222929016, -7719.780276847624]
p3D = [22496.476904431685, 398249.20288949204, 654303.34790179704]
p3D = [14.06015333887945, -364.46371821778098, -554.91964154543507]
p3D = [-110.64698647926359, -27574.101936229032, -45556.970167868749]
p3D = [332.5185332627143, 86913.306648077836, 139158.1420016223]
p3D = [43.003622171665185, 550.8458999959862, 1158.9295745676318]
p3D = [21.57750203037833, 346.66823496007498, 634.7421484217474]
p3D = [10.550997188234737, -324.98411102535636, -477.3807572962773]
C1.id = 2
C2.id = 3
 F = 
 [1.19265086242842e-006, 1.705939260374294e-005, -0.002734897482840421;
  -1.923686805015299e-005, 8.948468215689248e-007, 0.04582861065085855;
