======================================
>> Iteration 1 <<
======================================
Camera 0.C:
[1, 0, 0, 0;
  0, 1, 0, 0;
  0, 0, 1, 0]
Camera 0.t:
[0; 0; 0]

Camera 1.C:
[0.981399961541678, 0.004815726648759636, 0.1919138459383208, -1.363234531972446;
  -0.003656994168708709, 0.9999728870333746, -0.00639152499705044, 0.04604114357083099;
  -0.1919394224218754, 0.005570814570807076, 0.9813909639615471, 0.1541767291109085]
Camera 1.t:
[-1.363234531972446; 0.04604114357083099; 0.1541767291109085]



======================================
>> Iteration 2 <<
======================================
Camera 0.C:
[1, 0, 0, 0;
  0, 1, 0, 0;
  0, 0, 1, 0]
Camera 0.t:
[0; 0; 0]

Camera 1.C:
[0.9876138568863183, -0.01881379223990679, 0.1557719837059427, -1.013621102884259;
  0.01977516504626881, 0.9997937587166371, -0.004624162481094842, 0.02763293728606673;
  -0.1556528590599083, 0.00764730363019279, 0.9877822159836975, 0.09071820786543025]
Camera 1.t:
[-1.013621102884259; 0.02763293728606673; 0.09071820786543025]

Camera 2.C:
[0.951119036334197, -0.03565813730836057, 0.3067589867736666, -1.992495800340444;
  0.03983565464886762, 0.9991790944503574, -0.007365991587023308, 0.04695262752859101;
  -0.3062445090795991, 0.01922587987744774, 0.9517587226821372, 0.3367043062861763]
Camera 2.t:
[-1.992495800340444; 0.04695262752859101; 0.3367043062861763]



======================================
>> Iteration 3 <<
======================================
Camera 0.C:
[1, 0, 0, 0;
  0, 1, 0, 0;
  0, 0, 1, 0]
Camera 0.t:
[0; 0; 0]

Camera 1.C:
[0.9856615104308778, -0.006048019039917332, 0.1686262385301094, -1.156292980751104;
  0.006500139514871877, 0.9999766068107144, -0.002129323276773477, 0.01481709696556539;
  -0.1686094156368728, 0.003194886073493945, 0.9856777656321409, 0.1320603093592381]
Camera 1.t:
[-1.156292980751104; 0.01481709696556539; 0.1320603093592381]

Camera 2.C:
[0.9442174550237195, -0.01602013927807008, 0.3289327480900035, -2.227495396408703;
  0.01918192934919597, 0.999795722432298, -0.00636922228547839, 0.03374378954771302;
  -0.3287635186801798, 0.01232349559137408, 0.9443318697584215, 0.4107710077713321]
Camera 2.t:
[-2.227495396408703; 0.03374378954771302; 0.4107710077713321]

Camera 3.C:
[0.8781882897635956, -0.02664826097649318, 0.4775721913062146, -3.208080436736019;
  0.03238327331777532, 0.9994683818806388, -0.003778522214285597, 0.008360833286132746;
  -0.4772176142299415, 0.01878360476123526, 0.8785843868751917, 0.8741289730792229]
Camera 3.t:
[-3.208080436736019; 0.008360833286132746; 0.8741289730792229]



======================================
>> Iteration 4 <<
======================================
Camera 0.C:
[1, 0, 0, 0;
  0, 1, 0, 0;
  0, 0, 1, 0]
Camera 0.t:
[0; 0; 0]

Camera 1.C:
[0.9848664043913719, -0.004139825834270705, 0.1732657708356519, -1.195667215059998;
  0.004611816601366249, 0.9999866705882154, -0.002321592886653411, 0.01512852325426638;
  -0.1732538503146355, 0.003085528797127312, 0.9848723688190242, 0.1367625854552284]
Camera 1.t:
[-1.195667215059998; 0.01512852325426638; 0.1367625854552284]

Camera 2.C:
[0.9409088770401974, -0.010385859812466, 0.338500545085101, -2.316709481951831;
  0.01371841418388403, 0.9998781140546479, -0.007454002065999132, 0.03779986784298949;
  -0.3383818704056618, 0.01165722739232248, 0.9409366709987924, 0.4317829266632901]
Camera 2.t:
[-2.316709481951831; 0.03779986784298949; 0.4317829266632901]

Camera 3.C:
[0.8714802328554119, -0.01775856607672862, 0.4901090052969599, -3.330895829160721;
  0.0236406587189207, 0.9997036195068714, -0.005813123101740465, 0.007096310083384084;
  -0.4898605138175688, 0.01665252160361708, 0.8716417673142037, 0.9071526714692038]
Camera 3.t:
[-3.330895829160721; 0.007096310083384084; 0.9071526714692038]

Camera 4.C:
[0.7707309913741366, -0.02284570135034587, 0.63675098183297, -4.313786405547925;
  0.03009469763068917, 0.9995468924971559, -0.0005646891149105032, -0.03533500460595054;
  -0.6364495644667831, 0.01959805166566084, 0.7710693018535701, 1.627998216864471]
Camera 4.t:
[-4.313786405547925; -0.03533500460595054; 1.627998216864471]



======================================
>> Iteration 5 <<
======================================
Camera 0.C:
[1, 0, 0, 0;
  0, 1, 0, 0;
  0, 0, 1, 0]
Camera 0.t:
[0; 0; 0]

Camera 1.C:
[0.9840605796376308, -0.0007248850598494038, 0.1778320841268527, -1.240432379184337;
  0.001116371176839374, 0.9999971689420379, -0.002101386043740838, 0.0160676461926511;
  -0.177830057410567, 0.00226641778128253, 0.984058602945879, 0.1498140142697124]
Camera 1.t:
[-1.240432379184337; 0.0160676461926511; 0.1498140142697124]

Camera 2.C:
[0.9368694957782843, -0.001219454800547118, 0.3496770807618549, -2.430275747715187;
  0.004494829937338356, 0.9999532986524968, -0.008555525572681346, 0.05001044107074495;
  -0.3496503172942616, 0.009587149940405658, 0.9368312239523415, 0.4763501513601443]
Camera 2.t:
[-2.430275747715187; 0.05001044107074495; 0.4763501513601443]

Camera 3.C:
[0.8614521160487856, -0.004402036592942483, 0.5078197257185901, -3.506492974417239;
  0.0110389465320907, 0.9998884764444938, -0.01005864468856684, 0.03894232004661771;
  -0.5077188133352273, 0.01427083555169727, 0.8614046376924872, 0.9923885729348512]
Camera 3.t:
[-3.506492974417239; 0.03894232004661771; 0.9923885729348512]

Camera 4.C:
[0.7523549249007202, -0.005900554013581588, 0.6587315465650363, -4.532945806369818;
  0.02157637299211223, 0.9996440991999961, -0.01568869220597211, 0.05413980565581436;
  -0.6584045315048621, 0.02601650239677282, 0.7522144737353183, 1.706967540338401]
Camera 4.t:
[-4.532945806369818; 0.05413980565581436; 1.706967540338401]

Camera 5.C:
[0.6283063455716058, -0.0006201092509483912, 0.7779657778970558, -5.360669177297264;
  0.03712268419198588, 0.998884446215728, -0.02918508911551771, 0.1207275057563151;
  -0.7770798172857382, 0.0472173545723976, 0.6276284561700087, 2.473114686506321]
Camera 5.t:
[-5.360669177297264; 0.1207275057563151; 2.473114686506321]



======================================
>> Iteration 6 <<
======================================
Camera 0.C:
[1, 0, 0, 0;
  0, 1, 0, 0;
  0, 0, 1, 0]
Camera 0.t:
[0; 0; 0]

Camera 1.C:
[0.985265632653493, -0.005915313236289758, 0.1709287634695483, -1.171037154119273;
  0.006448830958950017, 0.9999759132577886, -0.002566219693379647, 0.01367544315146594;
  -0.1709094663591667, 0.003630698771363016, 0.9852800476693195, 0.1263098944873297]
Camera 1.t:
[-1.171037154119273; 0.01367544315146594; 0.1263098944873297]

Camera 2.C:
[0.9422947562500017, -0.01066943348357542, 0.3346143385046274, -2.28695603558478;
  0.0140281846035809, 0.9998725453380543, -0.007622539991926851, 0.03721565236869181;
  -0.3344903621638113, 0.01187671117524662, 0.9423243291729139, 0.4172278556721953]
Camera 2.t:
[-2.28695603558478; 0.03721565236869181; 0.4172278556721953]

Camera 3.C:
[0.8735024136707443, -0.01812063200508783, 0.4864824519004977, -3.303366388690225;
  0.0247536947002831, 0.999667576064187, -0.007210545377300024, 0.01170786948100666;
  -0.4861900738497949, 0.01834066688234408, 0.8736605931528799, 0.8758025371242181]
Camera 3.t:
[-3.303366388690225; 0.01170786948100666; 0.8758025371242181]

Camera 4.C:
[0.774788242031705, -0.02511834341922473, 0.6317216545546733, -4.269506081614409;
  0.03726868582391468, 0.9992874149389064, -0.00597556705897489, -0.008336712924233429;
  -0.6311214027953565, 0.0281732349685274, 0.7751722671542306, 1.543401020838853]
Camera 4.t:
[-4.269506081614409; -0.008336712924233429; 1.543401020838853]

Camera 5.C:
[0.6539113937555185, -0.02397553017293789, 0.7561911551120139, -5.116615628018567;
  0.04861857585189586, 0.998763520315492, -0.01037615387025467, 0.01437476697868538;
  -0.7550073663209179, 0.04355002227246614, 0.6542685017339739, 2.342309456823763]
Camera 5.t:
[-5.116615628018567; 0.01437476697868538; 2.342309456823763]

Camera 6.C:
[0.5014644721251471, -0.02334542459131017, 0.8648632113501528, -5.848278983080371;
  0.0632621912729661, 0.9979493839891135, -0.009742799961581766, 0.004285490106005545;
  -0.8628622591999201, 0.05959880994114057, 0.5019130437655606, 3.359711521281322]
Camera 6.t:
[-5.848278983080371; 0.004285490106005545; 3.359711521281322]



======================================
>> Iteration 7 <<
======================================
Camera 0.C:
[1, 0, 0, 0;
  0, 1, 0, 0;
  0, 0, 1, 0]
Camera 0.t:
[0; 0; 0]

Camera 1.C:
[0.9854617439180118, -0.007629765346159245, 0.1697260673993054, -1.156220405607192;
  0.008260101947558114, 0.9999613604389633, -0.003008046687398932, 0.01451742205844716;
  -0.1696965585681895, 0.004366269554227331, 0.9854866887484036, 0.1183915652006564]
Camera 1.t:
[-1.156220405607192; 0.01451742205844716; 0.1183915652006564]

Camera 2.C:
[0.943437119925062, -0.0139075914798171, 0.3312596861176059, -2.251528429456517;
  0.01751671372329575, 0.9998152661745319, -0.007911906513995405, 0.03417608399381172;
  -0.3310884556849428, 0.01326696738447108, 0.943506450475342, 0.3948553433350746]
Camera 2.t:
[-2.251528429456517; 0.03417608399381172; 0.3948553433350746]

Camera 3.C:
[0.8761527714318097, -0.02275570004339537, 0.4814961051014785, -3.251448153752086;
  0.02996498193288494, 0.9995243811461235, -0.007287753578484551, 0.008024522541341131;
  -0.481101258541402, 0.0208132075854216, 0.8764179307955111, 0.8389139585098948]
Camera 3.t:
[-3.251448153752086; 0.008024522541341131; 0.8389139585098948]

Camera 4.C:
[0.7794900573336204, -0.0312739252356812, 0.6256334327051122, -4.204278556500495;
  0.04467048596032667, 0.998985405595047, -0.005719011467704023, -0.01294950932115926;
  -0.6248198125876751, 0.03240526204881693, 0.7800962125208981, 1.485973164707212]
Camera 4.t:
[-4.204278556500495; -0.01294950932115926; 1.485973164707212]

Camera 5.C:
[0.6606309055786002, -0.03116070596441289, 0.7500638752787645, -5.047852268302651;
  0.05709658286594655, 0.9983297514275324, -0.008814059205235106, 0.001971574647449589;
  -0.7485364298545734, 0.04864892412418485, 0.661306657581888, 2.268805547181294]
Camera 5.t:
[-5.047852268302651; 0.001971574647449589; 2.268805547181294]

Camera 6.C:
[0.5075902572570489, -0.03053802717472641, 0.8610572336575533, -5.795194098541235;
  0.07194538579306896, 0.9973837373078536, -0.007038609017753657, -0.01110410363941511;
  -0.858589536507876, 0.06552182422745877, 0.5084593379505352, 3.295217361998829]
Camera 6.t:
[-5.795194098541235; -0.01110410363941511; 3.295217361998829]

Camera 7.C:
[0.340275970390811, -0.01175155179705073, 0.9402521816007412, -6.38707211997166;
  0.08097961046809944, 0.9965733031354276, -0.01685093962300041, 0.06149922307833663;
  -0.9368321977083338, 0.08187522524002215, 0.3400615838769044, 4.434872914160533]
Camera 7.t:
[-6.38707211997166; 0.06149922307833663; 4.434872914160533]



======================================
>> Iteration 8 <<
======================================
Camera 0.C:
[1, 0, 0, 0;
  0, 1, 0, 0;
  0, 0, 1, 0]
Camera 0.t:
[0; 0; 0]

Camera 1.C:
[0.9862227161756444, -0.01097881282029143, 0.1650582314463333, -1.110747312663623;
  0.01161769303379608, 0.9999282905302068, -0.002905685101782061, 0.01221926221558395;
  -0.1650144942352242, 0.00478324851907537, 0.9862795431447912, 0.108841623705912]
Camera 1.t:
[-1.110747312663623; 0.01221926221558395; 0.108841623705912]

Camera 2.C:
[0.9463978043197132, -0.02031742518768277, 0.32236376690405, -2.165036004843336;
  0.02367159071673286, 0.9996987366307356, -0.00648781718690314, 0.02402732364486855;
  -0.3221348347691775, 0.01377091909256978, 0.94659363510198, 0.3713939795893761]
Camera 2.t:
[-2.165036004843336; 0.02402732364486855; 0.3713939795893761]

Camera 3.C:
[0.8821271187630767, -0.03192007204377852, 0.4699285640855137, -3.13565287972243;
  0.03849176970244549, 0.9992493156632863, -0.004380503581533819, -0.01043910731932955;
  -0.4694359700831698, 0.02195254306849026, 0.8826935798140254, 0.7932612236760183]
Camera 3.t:
[-3.13565287972243; -0.01043910731932955; 0.7932612236760183]

Camera 4.C:
[0.7902730738676446, -0.04446366216518375, 0.6111394697339101, -4.052709175888351;
  0.05229398184270546, 0.9986190517533307, 0.005032786336974397, -0.06751462078327666;
  -0.6105192938661475, 0.0279816408049859, 0.7915069295938233, 1.458341460031315]
Camera 4.t:
[-4.052709175888351; -0.06751462078327666; 1.458341460031315]

Camera 5.C:
[0.6733498067991862, -0.04874753877288278, 0.7377151992111081, -4.893551799743369;
  0.05992153371234964, 0.9981395496236805, 0.01126273832583584, -0.09548050109172344;
  -0.7368917474643465, 0.0366212635039098, 0.6750181001857053, 2.2942003967824]
Camera 5.t:
[-4.893551799743369; -0.09548050109172344; 2.2942003967824]

Camera 6.C:
[0.5220297464349319, -0.05270145376486384, 0.8512975394115449, -5.640620727080261;
  0.07508454644674813, 0.9970538571832999, 0.01568173334774942, -0.1163005809566269;
  -0.8496159454259123, 0.05573295835476268, 0.5244488370003879, 3.315821638604565]
Camera 6.t:
[-5.640620727080261; -0.1163005809566269; 3.315821638604565]

Camera 7.C:
[0.3553994692735738, -0.03552792683297064, 0.9340390696619778, -6.252001507699849;
  0.07864883748402889, 0.9968703455712937, 0.00799215133614184, -0.06163324607010186;
  -0.9313997947189343, 0.07062068065035954, 0.3570814218942328, 4.452470361833737]
Camera 7.t:
[-6.252001507699849; -0.06163324607010186; 4.452470361833737]

Camera 8.C:
[0.1806697002695509, -0.01941046988831616, 0.9833522731265869, -6.623760629700527;
  0.07517297079838133, 0.9971532230146, 0.005871481324275937, -0.04941615535593662;
  -0.9806668567183539, 0.07286071294127161, 0.1816145166109616, 5.682147490621639]
Camera 8.t:
[-6.623760629700527; -0.04941615535593662; 5.682147490621639]



======================================
>> Iteration 9 <<
======================================
Camera 0.C:
[1, 0, 0, 0;
  0, 1, 0, 0;
  0, 0, 1, 0]
Camera 0.t:
[0; 0; 0]

Camera 1.C:
[0.986249905559859, -0.01115880176550758, 0.1648836102416708, -1.108315909372354;
  0.0118177803713841, 0.9999256186993798, -0.003016145844677394, 0.01428842024195287;
  -0.1648376894107134, 0.004923231847144811, 0.9863084192776195, 0.1101844564323467]
Camera 1.t:
[-1.108315909372354; 0.01428842024195287; 0.1101844564323467]

Camera 2.C:
[0.9459787540999026, -0.01960945437879957, 0.3236350816746568, -2.176121543613393;
  0.02292455621490788, 0.9997164943926201, -0.006433938271375202, 0.02931591764783681;
  -0.3234171632952487, 0.01350555953287816, 0.9461601018579036, 0.3851927291132007]
Camera 2.t:
[-2.176121543613393; 0.02931591764783681; 0.3851927291132007]

Camera 3.C:
[0.8802999349891528, -0.02999871386495266, 0.4734681632639537, -3.16734998618215;
  0.03623178676693388, 0.9993352192333824, -0.004046878728470232, -0.003369364100298808;
  -0.4730320095783885, 0.02071706461389274, 0.8808016355275546, 0.8277790656157654]
Camera 3.t:
[-3.16734998618215; -0.003369364100298808; 0.8277790656157654]

Camera 4.C:
[0.7868769633136641, -0.04182430582353826, 0.6156909712255376, -4.093828814878351;
  0.04754219171660516, 0.9988440580066478, 0.007091388551897986, -0.07153826330705626;
  -0.6152758605804782, 0.02369124790279257, 0.7879557983540448, 1.519466076528073]
Camera 4.t:
[-4.093828814878351; -0.07153826330705626; 1.519466076528073]

Camera 5.C:
[0.667367844864158, -0.04566099755228029, 0.7433271372309098, -4.943205631214454;
  0.05443585276784672, 0.9984395398709289, 0.01245885852577046, -0.09348852768425754;
  -0.7427360887790537, 0.03214900503683591, 0.6688120392908123, 2.374939949531268]
Camera 5.t:
[-4.943205631214454; -0.09348852768425754; 2.374939949531268]

Camera 6.C:
[0.5148664075339959, -0.04986327453480551, 0.8558190441008566, -5.681564565920447;
  0.06856741372914726, 0.9975038788828251, 0.01686776180215876, -0.1137174716157698;
  -0.8545238979499248, 0.04999665455193011, 0.5170002343965443, 3.412417021279862]
Camera 6.t:
[-5.681564565920447; -0.1137174716157698; 3.412417021279862]

Camera 7.C:
[0.3494119636553767, -0.03395937949485911, 0.9363535871660972, -6.271732097313513;
  0.07239234289030315, 0.9973341966474444, 0.009156903868106713, -0.06296563978639781;
  -0.9341684154077071, 0.06458529818713479, 0.350938899115975, 4.533311048640146]
Camera 7.t:
[-6.271732097313513; -0.06296563978639781; 4.533311048640146]

Camera 8.C:
[0.1774021825242385, -0.01903294572963783, 0.9839543752697528, -6.626187870977528;
  0.06879959432213355, 0.997606688629605, 0.006892794976213122, -0.05141694216356587;
  -0.9817306562681776, 0.06647286497757503, 0.1782870628086246, 5.738885017298422]
Camera 8.t:
[-6.626187870977528; -0.05141694216356587; 5.738885017298422]

Camera 9.C:
[0.009210775504656115, -0.01014281767632383, 0.9999061380270589, -6.731007414222114;
  0.07365374753704058, 0.9972392205331779, 0.009437293262871897, -0.08391606049536982;
  -0.9972413384373677, 0.07355990946136634, 0.009932403117215541, 6.865645203467963]
Camera 9.t:
[-6.731007414222114; -0.08391606049536982; 6.865645203467963]



======================================
>> Iteration 10 <<
======================================
Camera 0.C:
[1, 0, 0, 0;
  0, 1, 0, 0;
  0, 0, 1, 0]
Camera 0.t:
[0; 0; 0]

Camera 1.C:
[0.9862730619733782, -0.01129456053140223, 0.164735788850084, -1.106474847916113;
  0.01195287876280959, 0.9999240451954753, -0.003005416643122229, 0.01388645558010324;
  -0.1646893315152459, 0.004933228387138765, 0.986333152308459, 0.109415743718582]
Camera 1.t:
[-1.106474847916113; 0.01388645558010324; 0.109415743718582]

Camera 2.C:
[0.9460865917021837, -0.01986986553847829, 0.3233038036349532, -2.172245433389257;
  0.02317423740251963, 0.9997111222638757, -0.006373911100252328, 0.02849084370382389;
  -0.3230837596075624, 0.01352259092722444, 0.94627375733054, 0.3835693058896733]
Camera 2.t:
[-2.172245433389257; 0.02849084370382389; 0.3835693058896733]

Camera 3.C:
[0.8805655250515452, -0.03042508443392182, 0.4729467943943435, -3.161234222570534;
  0.03665334296240139, 0.9993202077640327, -0.003956615236673058, -0.004256412393197608;
  -0.4725049084828403, 0.02081914003121216, 0.8810821044987712, 0.824682564087361]
Camera 3.t:
[-3.161234222570534; -0.004256412393197608; 0.824682564087361]

Camera 4.C:
[0.7874331758274943, -0.04247464833958881, 0.6149348728561869, -4.084932632763089;
  0.04813705455978937, 0.9988136997672008, 0.007349635070112794, -0.07318198991189751;
  -0.6145175486383886, 0.02381380704096335, 0.788543648132227, 1.514561988343341]
Camera 4.t:
[-4.084932632763089; -0.07318198991189751; 1.514561988343341]

Camera 5.C:
[0.6682028535608208, -0.04660366779041043, 0.7425180433105024, -4.932499619687344;
  0.05510100988507551, 0.9983951420574715, 0.01307742427567516, -0.09684813704462382;
  -0.7419358632677228, 0.03217512182606723, 0.6696983920636637, 2.369337596356695]
Camera 5.t:
[-4.932499619687344; -0.09684813704462382; 2.369337596356695]

Camera 6.C:
[0.5156643357495633, -0.05079853503015289, 0.8552834627623476, -5.672605331150001;
  0.06907913509242168, 0.9974560303210245, 0.01759376796215809, -0.1167475517799996;
  -0.8540013852042891, 0.05000976319693622, 0.5178616201787325, 3.408819445587877]
Camera 6.t:
[-5.672605331150001; -0.1167475517799996; 3.408819445587877]

Camera 7.C:
[0.3500162269098424, -0.03490006607193209, 0.9360932786255718, -6.264491425714073;
  0.07286809553546736, 0.997292096989044, 0.009935488726250375, -0.06724890665608707;
  -0.9339051780308489, 0.0647337521805296, 0.3516115182638334, 4.528867824143799]
Camera 7.t:
[-6.264491425714073; -0.06724890665608707; 4.528867824143799]

Camera 8.C:
[0.1784176890355887, -0.01926546079100817, 0.983766217279141, -6.622535327590613;
  0.06904402270326189, 0.9975889553746608, 0.007014202980014168, -0.05084314476838736;
  -0.9815294448808714, 0.06667171915440241, 0.1793176809376172, 5.731273318376857]
Camera 8.t:
[-6.622535327590613; -0.05084314476838736; 5.731273318376857]

Camera 9.C:
[0.01398417743939592, -0.01056936248302538, 0.9998463538754571, -6.729484133575447;
  0.07315291467529422, 0.9972753074685039, 0.009519043445111591, -0.08574074284550422;
  -0.9972226902030722, 0.0730085590208656, 0.01471925452746069, 6.830080603793717]
Camera 9.t:
[-6.729484133575447; -0.08574074284550422; 6.830080603793717]

Camera 10.C:
[-0.1467479761589737, 0.00149709913876548, 0.9891727807554219, -6.666023889841523;
  0.08069842218193363, 0.9966836409363939, 0.01046348637499844, -0.1094289568214749;
  -0.9858766637620507, 0.08136017812137633, -0.1463821207165214, 7.892178470486861]
Camera 10.t:
[-6.666023889841523; -0.1094289568214749; 7.892178470486861]



======================================
>> Iteration 11 <<
======================================
Camera 0.C:
[1, 0, 0, 0;
  0, 1, 0, 0;
  0, 0, 1, 0]
Camera 0.t:
[0; 0; 0]

Camera 1.C:
[0.9861662693395069, -0.01018288250914614, 0.1654460580394831, -1.114765333035382;
  0.01074829343667767, 0.9999390536596611, -0.002522529369614938, 0.01318783057513267;
  -0.1654102880875254, 0.004265896157482478, 0.9862156147236645, 0.117293153511447]
Camera 1.t:
[-1.114765333035382; 0.01318783057513267; 0.117293153511447]

Camera 2.C:
[0.9454538573983591, -0.01747643326821691, 0.3252869161383298, -2.193428194851534;
  0.02055223100042056, 0.9997706465176819, -0.006021641181745027, 0.03068033015053334;
  -0.325107073641083, 0.01237855572503904, 0.9455961939573856, 0.4005716292048968]
Camera 2.t:
[-2.193428194851534; 0.03068033015053334; 0.4005716292048968]

Camera 3.C:
[0.8787738291930066, -0.02694151186274002, 0.4764773993213217, -3.196449953403056;
  0.03266198668043545, 0.9994595081912813, -0.003726407402497071, 0.0005449618129582533;
  -0.4761194721407092, 0.01883736777238705, 0.879178822438223, 0.8566106767841681]
Camera 3.t:
[-3.196449953403056; 0.0005449618129582533; 0.8566106767841681]

Camera 4.C:
[0.7836422049312394, -0.03785882245372284, 0.620057742644121, -4.134605187710058;
  0.04210270411220591, 0.9990829135923435, 0.007790640171001909, -0.0683398481031096;
  -0.6197840405794146, 0.02000103322959792, 0.7845174961164365, 1.571251407582149]
Camera 4.t:
[-4.134605187710058; -0.0683398481031096; 1.571251407582149]

Camera 5.C:
[0.6621573463857321, -0.04079312045500204, 0.7482536802120985, -4.990175860502363;
  0.04895162985286664, 0.9987391365049141, 0.01112992130099285, -0.07947970529458945;
  -0.7477642586819415, 0.02925847803564042, 0.663319346092728, 2.431562342334859]
Camera 5.t:
[-4.990175860502363; -0.07947970529458945; 2.431562342334859]

Camera 6.C:
[0.5079735298506686, -0.04401245493805543, 0.8602475206482013, -5.727890783212411;
  0.06209470966994958, 0.9979664943868414, 0.01439177238019182, -0.09262384600860819;
  -0.8591316197196194, 0.04610618062217062, 0.5096735034376215, 3.483837556119667]
Camera 6.t:
[-5.727890783212411; -0.09262384600860819; 3.483837556119667]

Camera 7.C:
[0.3412497917088668, -0.02783546164730651, 0.9395604114337387, -6.309635437208706;
  0.06609312775498502, 0.9977979919943989, 0.005555684972058342, -0.03747447918311862;
  -0.9376461369419801, 0.06020260996690138, 0.3423380896583885, 4.607809445131314]
Camera 7.t:
[-6.309635437208706; -0.03747447918311862; 4.607809445131314]

Camera 8.C:
[0.1679549567504049, -0.01094594932877018, 0.9857338985224469, -6.661952848515945;
  0.06083314259889662, 0.9981476905913954, 0.0007186992460291898, -0.006402586992007136;
  -0.983915881193363, 0.05984458171259892, 0.1683097287001917, 5.832051836526563]
Camera 8.t:
[-6.661952848515945; -0.006402586992007136; 5.832051836526563]

Camera 9.C:
[-0.001489996938037688, -0.001861001323899804, 0.999997158287561, -6.756518752610925;
  0.06168493174482024, 0.9980937677159016, 0.001949369722066479, -0.0277649804572083;
  -0.9980945592000597, 0.06168766100889937, -0.001372360918129413, 6.992290453856269]
Camera 9.t:
[-6.756518752610925; -0.0277649804572083; 6.992290453856269]

Camera 10.C:
[-0.1762992104005797, 0.00977919508534815, 0.9842880451146479, -6.651785535615954;
  0.0622582596243224, 0.9980593084616528, 0.001235273896216579, -0.02075349265641019;
  -0.9823657656497822, 0.06149783847039592, -0.1765659036812785, 8.219913686183284]
Camera 10.t:
[-6.651785535615954; -0.02075349265641019; 8.219913686183284]

Camera 11.C:
[-0.3623445335067391, 0.01951323033578114, 0.9318399395173221, -6.279374459411415;
  0.06413278798102107, 0.9979331933698523, 0.004040677719257764, -0.04640350334440426;
  -0.9298351598770426, 0.06122561075654743, -0.362847075286439, 9.505930530962409]
Camera 11.t:
[-6.279374459411415; -0.04640350334440426; 9.505930530962409]



======================================
>> Iteration 12 <<
======================================
Camera 0.C:
[1, 0, 0, 0;
  0, 1, 0, 0;
  0, 0, 1, 0]
Camera 0.t:
[0; 0; 0]

Camera 1.C:
[0.9861185616354715, -0.00937345429428128, 0.1657779260112212, -1.119744200230694;
  0.009867370864942077, 0.9999489919727943, -0.002156025233218448, 0.01224764471206102;
  -0.1657492606022802, 0.003761888779004798, 0.9861607530228588, 0.122314501487205]
Camera 1.t:
[-1.119744200230694; 0.01224764471206102; 0.122314501487205]

Camera 2.C:
[0.9452313129043163, -0.01564372715360394, 0.3260261322439139, -2.204612510630182;
  0.01853952965344599, 0.9998114398087193, -0.005776735050571695, 0.03165270355619689;
  -0.3258742870270857, 0.01150472200268662, 0.9453431072506053, 0.4102708838761485]
Camera 2.t:
[-2.204612510630182; 0.03165270355619689; 0.4102708838761485]

Camera 3.C:
[0.8779004760481839, -0.0248200583894205, 0.478199455097889, -3.215313545268747;
  0.03013356925736872, 0.9995399568594202, -0.003441314469771627, 0.002552717370571868;
  -0.4778940490926661, 0.01743098801027224, 0.8782445209045157, 0.8755457758039379]
Camera 3.t:
[-3.215313545268747; 0.002552717370571868; 0.8755457758039379]

Camera 4.C:
[0.7817018507325716, -0.03548890116558089, 0.6226417545068207, -4.160327189983549;
  0.03896832902481699, 0.9992081888268348, 0.008028992116693404, -0.06550194499760294;
  -0.6224336799164115, 0.01798703075707465, 0.7824658336504272, 1.601471282625007]
Camera 4.t:
[-4.160327189983549; -0.06550194499760294; 1.601471282625007]

Camera 5.C:
[0.6575583467334744, -0.0374165109493699, 0.752473936657952, -5.030767461337205;
  0.04558574163220851, 0.9989120154448722, 0.009834915337964571, -0.06926656834385243;
  -0.7520232448541611, 0.02783505179156456, 0.6585485928090497, 2.472896884860144]
Camera 5.t:
[-5.030767461337205; -0.06926656834385243; 2.472896884860144]

Camera 6.C:
[0.5031001840247672, -0.0397966398536948, 0.8633113182917276, -5.763075629943469;
  0.05810625496963157, 0.9982364095218791, 0.01215458095827965, -0.07658979232525875;
  -0.8622725021521036, 0.04404881566197346, 0.5045253550329536, 3.528482395895062]
Camera 6.t:
[-5.763075629943469; -0.07658979232525875; 3.528482395895062]

Camera 7.C:
[0.3357458662412373, -0.02291935812613587, 0.9416737313555088, -6.340613750163535;
  0.06177437268219418, 0.9980875644604199, 0.002267277924749428, -0.01519736157884857;
  -0.9399248055997045, 0.05741007483493298, 0.3365196028848911, 4.657417449380398]
Camera 7.t:
[-6.340613750163535; -0.01519736157884857; 4.657417449380398]

Camera 8.C:
[0.161980333426383, -0.005833354471816824, 0.9867767445368197, -6.68578135150333;
  0.05606721981625859, 0.9984215383892435, -0.003301294069243441, 0.02096823019706705;
  -0.9851998977086595, 0.05586057335959251, 0.1620517136558094, 5.888175931339272]
Camera 8.t:
[-6.68578135150333; 0.02096823019706705; 5.888175931339272]

Camera 9.C:
[-0.006685482601160484, 0.002618028625387469, 0.9999742247920724, -6.770852818935679;
  0.05560000563825308, 0.9984506053814769, -0.002242317191797041, 0.003492009017165593;
  -0.9984307405601132, 0.05558358156397494, -0.006820686556728666, 7.054819280133859]
Camera 9.t:
[-6.770852818935679; 0.003492009017165593; 7.054819280133859]

Camera 10.C:
[-0.1813077090144321, 0.01438614472574299, 0.9833211853163074, -6.659473037961646;
  0.05437485854352379, 0.998510077511361, -0.004582561142757922, 0.02569804433325156;
  -0.981922038356564, 0.05263709669221237, -0.1818198191658569, 8.297966715614011]
Camera 10.t:
[-6.659473037961646; 0.02569804433325156; 8.297966715614011]

Camera 11.C:
[-0.3670702306255411, 0.02296742500923758, 0.9299096424798256, -6.275432835905256;
  0.05745773111993571, 0.9983459824529382, -0.001976981190284007, 0.00120324349377462;
  -0.9284169617812145, 0.05270480726198146, -0.3677827461537805, 9.578723778389374]
Camera 11.t:
[-6.275432835905256; 0.00120324349377462; 9.578723778389374]

Camera 12.C:
[-0.5275265180459812, 0.02944946963820133, 0.8490279745075021, -5.694529633254888;
  0.06112157156287404, 0.9981246882871747, 0.003355610423627711, -0.03348950294201362;
  -0.8473369614551035, 0.05366409758543742, -0.5283372392538436, 10.68077057947896]
Camera 12.t:
[-5.694529633254888; -0.03348950294201362; 10.68077057947896]



======================================
>> Iteration 13 <<
======================================
Camera 0.C:
[1, 0, 0, 0;
  0, 1, 0, 0;
  0, 0, 1, 0]
Camera 0.t:
[0; 0; 0]

Camera 1.C:
[0.9860899613883897, -0.00923219283440228, 0.1659558816809833, -1.12227661898729;
  0.009739771581967524, 0.9999500473219933, -0.002244929904105071, 0.01071816346527786;
  -0.165926866114488, 0.003830075222715419, 0.9861306230034707, 0.1186548207203648]
Camera 1.t:
[-1.12227661898729; 0.01071816346527786; 0.1186548207203648]

Camera 2.C:
[0.9453097261392909, -0.01539681672563992, 0.3258104659171893, -2.205511758127185;
  0.01837819476994494, 0.9998126533108019, -0.006074556495100586, 0.02944370748111939;
  -0.3256558975720491, 0.0117301455375138, 0.9454155911884529, 0.4016526883746199]
Camera 2.t:
[-2.205511758127185; 0.02944370748111939; 0.4016526883746199]

Camera 3.C:
[0.8781708111650219, -0.02482460893123695, 0.4777025907499126, -3.214092365716928;
  0.03045200661879169, 0.9995280718182262, -0.004038432892561151, 0.001211521480279624;
  -0.4773768969175786, 0.01809343634442621, 0.878512336766305, 0.8620005806379849]
Camera 3.t:
[-3.214092365716928; 0.001211521480279624; 0.8620005806379849]

Camera 4.C:
[0.7825764461233286, -0.03578426185430557, 0.6215252147552209, -4.15454744009714;
  0.04057390319755985, 0.9991557938263201, 0.006438792014906956, -0.06323103393635463;
  -0.6212309267513138, 0.02017885692596778, 0.7833676974326075, 1.572096626016896]
Camera 4.t:
[-4.15454744009714; -0.06323103393635463; 1.572096626016896]

Camera 5.C:
[0.659064367004861, -0.03800266529401025, 0.7511257934427719, -5.022983336204277;
  0.04731098324876133, 0.9988394526886132, 0.009023226515348865, -0.07215364737866162;
  -0.7505969830798133, 0.02958961275960365, 0.6600974350868358, 2.441595675712748]
Camera 5.t:
[-5.022983336204277; -0.07215364737866162; 2.441595675712748]

Camera 6.C:
[0.5059975661658799, -0.04099231202417886, 0.8615602668351867, -5.75078515362294;
  0.0602023983517727, 0.9981124583838297, 0.01213225666074498, -0.08435357666294484;
  -0.8604313652272912, 0.04572910204563475, 0.5075103101999007, 3.488898555228349]
Camera 6.t:
[-5.75078515362294; -0.08435357666294484; 3.488898555228349]

Camera 7.C:
[0.3392795277770473, -0.02358941539658139, 0.9403897816930125, -6.334118621499483;
  0.06300432287528941, 0.998010595184482, 0.002303735779705204, -0.02125252762990714;
  -0.9385733095131197, 0.05846701104694799, 0.3400907985947665, 4.620591348741951]
Camera 7.t:
[-6.334118621499483; -0.02125252762990714; 4.620591348741951]

Camera 8.C:
[0.1692137358859653, -0.007799498681767821, 0.9855485170238085, -6.675971022573042;
  0.05732787594319834, 0.9983535160415157, -0.001942072960782949, 0.00292469713495511;
  -0.983910680004723, 0.05682802854100118, 0.1693822568771213, 5.820701271999442]
Camera 8.t:
[-6.675971022573042; 0.00292469713495511; 5.820701271999442]

Camera 9.C:
[0.006538862241491305, -0.002878321506555776, 0.9999744789472838, -6.75801085251151;
  0.05740774439640281, 0.9983476897554214, 0.002498248052160722, -0.03455577958121265;
  -0.9983294016324993, 0.05738994359047359, 0.006693295957760824, 6.949036831990844]
Camera 9.t:
[-6.75801085251151; -0.03455577958121265; 6.949036831990844]

Camera 10.C:
[-0.1682270434267629, 0.008205993141969275, 0.9857141185640205, -6.660693125207516;
  0.05881426766020703, 0.9982674487473624, 0.001727046908889651, -0.03258354899978724;
  -0.9839921461980697, 0.0582645900010112, -0.1684182109290159, 8.16457247195731]
Camera 10.t:
[-6.660693125207516; -0.03258354899978724; 8.16457247195731]

Camera 11.C:
[-0.3515769592238349, 0.01391715777807482, 0.936055529582675, -6.290177166874541;
  0.06296701882330877, 0.9979767025436035, 0.008812248334053714, -0.08566865665856727;
  -0.9340389693601799, 0.06203880962410646, -0.3517419363922887, 9.416793438947279]
Camera 11.t:
[-6.290177166874541; -0.08566865665856727; 9.416793438947279]

Camera 12.C:
[-0.5133343033132595, 0.02039379174911427, 0.8579463772870566, -5.728882513579466;
  0.07419890701295227, 0.9970286944419938, 0.02069552264082477, -0.1492405529417817;
  -0.854975096268876, 0.07428240516695314, -0.5133222273023436, 10.50455344045247]
Camera 12.t:
[-5.728882513579466; -0.1492405529417817; 10.50455344045247]

Camera 13.C:
[-0.6578896722615197, 0.02657837643247809, 0.7526451813689128, -4.981239036240213;
  0.08161240727174526, 0.9960077716038505, 0.03616536857329521, -0.2528486443805948;
  -0.7486792331238665, 0.08521800755089853, -0.6574323517124131, 11.4451761963345]
Camera 13.t:
[-4.981239036240213; -0.2528486443805948; 11.4451761963345]



======================================
>> Iteration 14 <<
======================================
Camera 0.C:
[1, 0, 0, 0;
  0, 1, 0, 0;
  0, 0, 1, 0]
Camera 0.t:
[0; 0; 0]

Camera 1.C:
[0.9860676978604337, -0.008965734082531865, 0.1661027117436252, -1.124088322199224;
  0.009424171500201412, 0.9999536470525779, -0.001971988281682868, 0.008857946666919709;
  -0.1660773320708136, 0.003509894387247222, 0.9861064853318992, 0.1202262094173687]
Camera 1.t:
[-1.124088322199224; 0.008857946666919709; 0.1202262094173687]

Camera 2.C:
[0.9451214948102216, -0.01464180668873077, 0.326390835570765, -2.212015762586546;
  0.0174922074075052, 0.9998301791565374, -0.005799614454347232, 0.02794960212624445;
  -0.3262504907700602, 0.01119063647412837, 0.9452171110002182, 0.4059865697686375]
Camera 2.t:
[-2.212015762586546; 0.02794960212624445; 0.4059865697686375]

Camera 3.C:
[0.8775819132809385, -0.02349506534716073, 0.4788506733695798, -3.22655420180439;
  0.02891760678927171, 0.9995739853307242, -0.003952197823280539, 0.00109673504200791;
  -0.4785538188122088, 0.01731559281069879, 0.877887471573587, 0.870434146345948]
Camera 3.t:
[-3.22655420180439; 0.00109673504200791; 0.870434146345948]

Camera 4.C:
[0.7814512549223218, -0.03434289416770701, 0.6230204665984208, -4.169473097198059;
  0.03921434898842681, 0.9992134413315127, 0.005893513031245496, -0.05861534479448122;
  -0.622732824744081, 0.01982584884995513, 0.7821833319009275, 1.582993522534286]
Camera 4.t:
[-4.169473097198059; -0.05861534479448122; 1.582993522534286]

Camera 5.C:
[0.6574545974537216, -0.03618814498955145, 0.752624654425551, -5.039156758207634;
  0.04633022770484346, 0.9988975867418948, 0.007557856973796885, -0.06261045284398842;
  -0.7520684558521134, 0.02990032380149446, 0.6584064157864681, 2.45062435916327]
Camera 5.t:
[-5.039156758207634; -0.06261045284398842; 2.45062435916327]

Camera 6.C:
[0.5042585019640494, -0.0389961337621292, 0.8626718175230829, -5.764801686579302;
  0.05931314124075345, 0.9981847113872447, 0.01045147017971716, -0.07350743418073075;
  -0.8615133861253274, 0.04589753266101798, 0.5056561104372255, 3.498790088621675]
Camera 6.t:
[-5.764801686579302; -0.07350743418073075; 3.498790088621675]

Camera 7.C:
[0.3374447348178936, -0.02124279027624631, 0.9411056236177536, -6.346432492918321;
  0.06192302100185719, 0.9980808752068799, 0.0003256014011260716, -0.007757968839954411;
  -0.9393064411648017, 0.05816623081778875, 0.3381125540094107, 4.633680558862448]
Camera 7.t:
[-6.346432492918321; -0.007757968839954411; 4.633680558862448]

Camera 8.C:
[0.1678175645090584, -0.005054301287010173, 0.9858051121194026, -6.687156438260837;
  0.0561950791677561, 0.9984099027082807, -0.004447387027318801, 0.01990976155828145;
  -0.9842151076464826, 0.05614374597888233, 0.1678347451151909, 5.831415073450187]
Camera 8.t:
[-6.687156438260837; 0.01990976155828145; 5.831415073450187]

Camera 9.C:
[0.00470054224292695, 0.000263767241882519, 0.9999889176033224, -6.768568743434845;
  0.05586321941247543, 0.9984382925824605, -0.0005259485660692488, -0.01014966633888612;
  -0.998427366221247, 0.05586507255757064, 0.004678466483932608, 6.971909829472057]
Camera 9.t:
[-6.768568743434845; -0.01014966633888612; 6.971909829472057]

Camera 10.C:
[-0.1721110928639804, 0.009005351636013952, 0.9850363827570422, -6.655978220717314;
  0.05786036413706645, 0.9983242019774005, 0.0009828571172966032, -0.01939189327120379;
  -0.98337680976068, 0.05716372440716828, -0.1723437223597335, 8.20571125021651]
Camera 10.t:
[-6.655978220717314; -0.01939189327120379; 8.20571125021651]

Camera 11.C:
[-0.3496690377205203, 0.01225671474138899, 0.9367931132343755, -6.286010536739016;
  0.06267088322675694, 0.997980731551444, 0.01033536877052605, -0.08382893534040946;
  -0.9347747987912295, 0.06232361025961821, -0.3497311012035156, 9.416662467600652]
Camera 11.t:
[-6.286010536739016; -0.08382893534040946; 9.416662467600652]

Camera 12.C:
[-0.5106244625966349, 0.01713843766894903, 0.8596330217902087, -5.725043659176631;
  0.07552731420053831, 0.9968305469988683, 0.02498970547226748, -0.169002526081857;
  -0.8564801708198219, 0.07768612826113205, -0.5103004825279357, 10.4800283211258]
Camera 12.t:
[-5.725043659176631; -0.169002526081857; 10.4800283211258]

Camera 13.C:
[-0.6539104035566984, 0.02208002561789845, 0.7562497316290625, -4.986388191961166;
  0.08122650922866687, 0.9958454608196915, 0.041159110332247, -0.278916294849873;
  -0.7521990682783656, 0.08834189625273917, -0.6529871905693321, 11.40894099025803]
Camera 13.t:
[-4.986388191961166; -0.278916294849873; 11.40894099025803]

Camera 14.C:
[-0.7763477124714188, 0.03087727924780749, 0.6295481101287241, -4.104479796332838;
  0.08667179612330743, 0.9945411122474405, 0.05810314799031062, -0.4054662209866479;
  -0.624317410535022, 0.09967231148055623, -0.7747859067038894, 12.1645230475973]
Camera 14.t:
[-4.104479796332838; -0.4054662209866479; 12.1645230475973]



======================================
>> Iteration 15 <<
======================================
Camera 0.C:
[1, 0, 0, 0;
  0, 1, 0, 0;
  0, 0, 1, 0]
Camera 0.t:
[0; 0; 0]

Camera 1.C:
[0.9860599273205869, -0.008676390748139294, 0.1661641958308247, -1.125658850354863;
  0.009092443917579325, 0.9999571432488041, -0.001743309868089662, 0.007270566991880709;
  -0.1661419489356157, 0.003229846633527193, 0.986096557591902, 0.121500223503405]
Camera 1.t:
[-1.125658850354863; 0.007270566991880709; 0.121500223503405]

Camera 2.C:
[0.9449855017829666, -0.01401193907430567, 0.3268119749693588, -2.217424002541264;
  0.0167460686391956, 0.9998443503765169, -0.005553755962607997, 0.0266673436989488;
  -0.3266832879183234, 0.01072103463005322, 0.9450730600389237, 0.4098172361914775]
Camera 2.t:
[-2.217424002541264; 0.0266673436989488; 0.4098172361914775]

Camera 3.C:
