#Unique 3D-points (31)
p3D = [-0.25922225999893977, -2.7305562837570423, -5.475547476648905]
  C1.id = 0
  C2.id = 1
   p2D1 = [403, 73]
   p2D2 = [405, 76]
p3D = [-0.10960810324043964, -3.17981701128042, -5.3602004882716825]
  C1.id = 0
  C2.id = 1
   p2D1 = [309, 289]
   p2D2 = [298, 286]
p3D = [-0.10343683556165711, -2.9916180537674326, -5.3798895316144106]
  C1.id = 0
  C2.id = 1
   p2D1 = [308, 204]
   p2D2 = [300, 201]
p3D = [-0.06332640813051138, -3.3360261928665134, -5.3902913637975924]
  C1.id = 0
  C2.id = 1
   p2D1 = [279, 348]
   p2D2 = [271, 342]
p3D = [-0.26621560912387138, -3.0219754585520961, -5.6687782441186663]
  C1.id = 0
  C2.id = 1
   p2D1 = [399, 152]
   p2D2 = [419, 155]
p3D = [-0.10748061765357642, -2.875777788228659, -5.403789575972846]
  C1.id = 0
  C2.id = 1
   p2D1 = [312, 149]
   p2D2 = [307, 147]
p3D = [-0.0098219288523951152, -2.9316300825220662, -5.3950338425839339]
  C1.id = 0
  C2.id = 1
   p2D1 = [253, 175]
   p2D2 = [248, 168]
p3D = [-0.32270399446030584, -3.1689155366432527, -5.363935225158678]
  C1.id = 0
  C2.id = 1
   p2D1 = [437, 284]
   p2D2 = [425, 290]
p3D = [0.11900292355714949, -3.3552464628066954, -5.3060986612055245]
  C1.id = 0
  C2.id = 1
   p2D1 = [168, 379]
   p2D2 = [154, 363]
p3D = [-0.15326313277751358, -3.2644435747123057, -5.3587449464736547]
  C1.id = 0
  C2.id = 1
   p2D1 = [334, 326]
   p2D2 = [322, 324]
p3D = [-0.15534063781437446, -2.8887990135985637, -5.3722274765729185]
  C1.id = 0
  C2.id = 1
   p2D1 = [341, 162]
   p2D2 = [331, 161]
p3D = [-0.077269449566981799, -3.4271991075043919, -5.3863679905679787]
  C1.id = 0
  C2.id = 1
   p2D1 = [286, 388]
   p2D2 = [277, 382]
p3D = [0.1678768695539854, -3.3247258557529471, -5.2765962396474082]
  C1.id = 0
  C2.id = 1
   p2D1 = [138, 374]
   p2D2 = [122, 356]
p3D = [0.009127254565474972, -3.0614168414476084, -5.3926316658741875]
  C1.id = 0
  C2.id = 1
   p2D1 = [240, 231]
   p2D2 = [234, 222]
p3D = [-0.26559633787737263, -2.6336782563227832, -5.4809139434438849]
  C1.id = 0
  C2.id = 1
   p2D1 = [408, 31]
   p2D2 = [411, 35]
p3D = [0.10278273050239163, -3.5479205149080966, -5.3186298909899348]
  C1.id = 0
  C2.id = 1
   p2D1 = [175, 459]
   p2D2 = [162, 442]
p3D = [0.038962622330038353, -3.5447218570573993, -5.3284430748869251]
  C1.id = 0
  C2.id = 1
   p2D1 = [214, 455]
   p2D2 = [200, 440]
p3D = [-0.22543515877130876, -3.4189255338078208, -5.3613938914955543]
  C1.id = 0
  C2.id = 1
   p2D1 = [375, 391]
   p2D2 = [362, 393]
p3D = [-0.30321756111173109, -3.5758216275680343, -5.3826165925006535]
  C1.id = 0
  C2.id = 1
   p2D1 = [419, 452]
   p2D2 = [407, 458]
p3D = [-0.19031105628659375, -3.294549294892942, -5.3444913824059057]
  C1.id = 0
  C2.id = 1
   p2D1 = [356, 343]
   p2D2 = [342, 342]
p3D = [-0.19895660871730544, -2.6117008288524581, -5.498596316152506]
  C1.id = 0
  C2.id = 1
   p2D1 = [369, 18]
   p2D2 = [374, 20]
p3D = [-0.0080882613954142077, -3.2629246886012315, -5.3882586115023106]
  C1.id = 0
  C2.id = 1
   p2D1 = [247, 317]
   p2D2 = [240, 309]
p3D = [-0.28063792812821009, -3.0896733501743396, -5.356219503438175]
  C1.id = 0
  C2.id = 1
   p2D1 = [413, 252]
   p2D2 = [401, 256]
p3D = [-0.15740047625523657, -2.6647227386807999, -5.4737862842873639]
  C1.id = 0
  C2.id = 1
   p2D1 = [344, 46]
   p2D2 = [347, 45]
p3D = [-0.62798962080596687, -3.5171739260111838, -6.5038934096102059]
  C1.id = 0
  C2.id = 1
   p2D1 = [558, 169]
   p2D2 = [647, 186]
p3D = [0.03182098210878697, -3.6065316691518787, -5.201995111766486]
  C1.id = 0
  C2.id = 1
   p2D1 = [216, 519]
   p2D2 = [187, 505]
p3D = [-0.49920779036714974, -3.5660492672887232, -5.5442548965034648]
  C1.id = 0
  C2.id = 1
   p2D1 = [529, 404]
   p2D2 = [534, 419]
p3D = [-0.011558116983422486, -3.1231045823325396, -5.4033423729913617]
  C1.id = 0
  C2.id = 1
   p2D1 = [251, 255]
   p2D2 = [247, 246]
p3D = [-0.369489834540638, -3.5209099972265512, -6.5169243225866067]
  C1.id = 0
  C2.id = 1
   p2D1 = [430, 168]
   p2D2 = [518, 175]
p3D = [-0.65924581880158117, -3.5578043316748675, -5.7305036733598538]
  C1.id = 0
  C2.id = 1
   p2D1 = [611, 353]
   p2D2 = [636, 375]
p3D = [-0.54963868784886405, -3.5848029112468738, -5.3065517355193483]
  C1.id = 0
  C2.id = 1
   p2D1 = [570, 478]
   p2D2 = [550, 497]

#Camera1 (of 5)
id = 0
P  = 
 [3217.328669180762, -78.60664100822618, 289.8672403229193, 0;
  0, 2292.424143977958, -1070.516234777778, 0;
  0, 0, 1, 0]
K  = 
 [3217.328669180762, -78.60664100822618, 289.8672403229193;
  0, 2292.424143977958, -1070.516234777778;
  0, 0, 1]
C  = 
 [1, 0, 0, 0;
  0, 1, 0, 0;
  0, 0, 1, 0]
R  = 
 [1, 0, 0;
  0, 1, 0;
  0, 0, 1]
t  = [0; 0; 0]
 #image points (31)
p2D = [403, 73]
p2D = [309, 289]
p2D = [308, 204]
p2D = [279, 348]
p2D = [399, 152]
p2D = [312, 149]
p2D = [253, 175]
p2D = [437, 284]
p2D = [168, 379]
p2D = [334, 326]
p2D = [341, 162]
p2D = [286, 388]
p2D = [138, 374]
p2D = [240, 231]
p2D = [408, 31]
p2D = [175, 459]
p2D = [214, 455]
p2D = [375, 391]
p2D = [419, 452]
p2D = [356, 343]
p2D = [369, 18]
p2D = [247, 317]
p2D = [413, 252]
p2D = [344, 46]
p2D = [558, 169]
p2D = [216, 519]
p2D = [529, 404]
p2D = [251, 255]
p2D = [430, 168]
p2D = [611, 353]
p2D = [570, 478]
 #visible 3D-points (31)
p3D = [-0.25922225999893977, -2.7305562837570423, -5.475547476648905]
p3D = [-0.10960810324043964, -3.17981701128042, -5.3602004882716825]
p3D = [-0.10343683556165711, -2.9916180537674326, -5.3798895316144106]
p3D = [-0.06332640813051138, -3.3360261928665134, -5.3902913637975924]
p3D = [-0.26621560912387138, -3.0219754585520961, -5.6687782441186663]
p3D = [-0.10748061765357642, -2.875777788228659, -5.403789575972846]
p3D = [-0.0098219288523951152, -2.9316300825220662, -5.3950338425839339]
p3D = [-0.32270399446030584, -3.1689155366432527, -5.363935225158678]
p3D = [0.11900292355714949, -3.3552464628066954, -5.3060986612055245]
p3D = [-0.15326313277751358, -3.2644435747123057, -5.3587449464736547]
p3D = [-0.15534063781437446, -2.8887990135985637, -5.3722274765729185]
p3D = [-0.077269449566981799, -3.4271991075043919, -5.3863679905679787]
p3D = [0.1678768695539854, -3.3247258557529471, -5.2765962396474082]
p3D = [0.009127254565474972, -3.0614168414476084, -5.3926316658741875]
p3D = [-0.26559633787737263, -2.6336782563227832, -5.4809139434438849]
p3D = [0.10278273050239163, -3.5479205149080966, -5.3186298909899348]
p3D = [0.038962622330038353, -3.5447218570573993, -5.3284430748869251]
p3D = [-0.22543515877130876, -3.4189255338078208, -5.3613938914955543]
p3D = [-0.30321756111173109, -3.5758216275680343, -5.3826165925006535]
p3D = [-0.19031105628659375, -3.294549294892942, -5.3444913824059057]
p3D = [-0.19895660871730544, -2.6117008288524581, -5.498596316152506]
p3D = [-0.0080882613954142077, -3.2629246886012315, -5.3882586115023106]
p3D = [-0.28063792812821009, -3.0896733501743396, -5.356219503438175]
p3D = [-0.15740047625523657, -2.6647227386807999, -5.4737862842873639]
p3D = [-0.62798962080596687, -3.5171739260111838, -6.5038934096102059]
p3D = [0.03182098210878697, -3.6065316691518787, -5.201995111766486]
p3D = [-0.49920779036714974, -3.5660492672887232, -5.5442548965034648]
p3D = [-0.011558116983422486, -3.1231045823325396, -5.4033423729913617]
p3D = [-0.369489834540638, -3.5209099972265512, -6.5169243225866067]
p3D = [-0.65924581880158117, -3.5578043316748675, -5.7305036733598538]
p3D = [-0.54963868784886405, -3.5848029112468738, -5.3065517355193483]
#Camera2 (of 5)
id = 1
P  = 
 [3117.194749813064, -101.2552952795131, 845.1331513265823, 3181.693971428552;
  206.2945784808547, 2284.495768438747, -1067.583765186942, -117.3582932540771;
  -0.1737616844701698, 0.00728584401122678, 0.9847607798278388, 0.2403690369333234]
K  = 
 [3217.328669180762, -78.60664100822618, 289.8672403229193;
  0, 2292.424143977958, -1070.516234777778;
  0, 0, 1]
C  = 
 [0.9847479966364002, -0.007697378634545646, 0.1738163786377816, 0.9687596133528493;
  0.008846475608136523, 0.9999438318421693, -0.005837210816317539, 0.06105356353387399;
  -0.1737616844701698, 0.00728584401122678, 0.9847607798278388, 0.2403690369333234]
R  = 
 [0.9847479966364002, -0.007697378634545646, 0.1738163786377816;
  0.008846475608136523, 0.9999438318421693, -0.005837210816317539;
  -0.1737616844701698, 0.00728584401122678, 0.9847607798278388]
t  = [0.9687596133528493; 0.06105356353387399; 0.2403690369333234]
 #image points (31)
p2D = [405, 76]
p2D = [298, 286]
p2D = [300, 201]
p2D = [271, 342]
p2D = [419, 155]
p2D = [307, 147]
p2D = [248, 168]
p2D = [425, 290]
p2D = [154, 363]
p2D = [322, 324]
p2D = [331, 161]
p2D = [277, 382]
p2D = [122, 356]
p2D = [234, 222]
p2D = [411, 35]
p2D = [162, 442]
p2D = [200, 440]
p2D = [362, 393]
p2D = [407, 458]
p2D = [342, 342]
p2D = [374, 20]
p2D = [240, 309]
p2D = [401, 256]
p2D = [347, 45]
p2D = [647, 186]
p2D = [187, 505]
p2D = [534, 419]
p2D = [247, 246]
p2D = [518, 175]
p2D = [636, 375]
p2D = [550, 497]
 #visible 3D-points (31)
p3D = [-0.25922225999893977, -2.7305562837570423, -5.475547476648905]
p3D = [-0.10960810324043964, -3.17981701128042, -5.3602004882716825]
p3D = [-0.10343683556165711, -2.9916180537674326, -5.3798895316144106]
p3D = [-0.06332640813051138, -3.3360261928665134, -5.3902913637975924]
p3D = [-0.26621560912387138, -3.0219754585520961, -5.6687782441186663]
p3D = [-0.10748061765357642, -2.875777788228659, -5.403789575972846]
p3D = [-0.0098219288523951152, -2.9316300825220662, -5.3950338425839339]
p3D = [-0.32270399446030584, -3.1689155366432527, -5.363935225158678]
p3D = [0.11900292355714949, -3.3552464628066954, -5.3060986612055245]
p3D = [-0.15326313277751358, -3.2644435747123057, -5.3587449464736547]
p3D = [-0.15534063781437446, -2.8887990135985637, -5.3722274765729185]
p3D = [-0.077269449566981799, -3.4271991075043919, -5.3863679905679787]
p3D = [0.1678768695539854, -3.3247258557529471, -5.2765962396474082]
p3D = [0.009127254565474972, -3.0614168414476084, -5.3926316658741875]
p3D = [-0.26559633787737263, -2.6336782563227832, -5.4809139434438849]
p3D = [0.10278273050239163, -3.5479205149080966, -5.3186298909899348]
p3D = [0.038962622330038353, -3.5447218570573993, -5.3284430748869251]
p3D = [-0.22543515877130876, -3.4189255338078208, -5.3613938914955543]
p3D = [-0.30321756111173109, -3.5758216275680343, -5.3826165925006535]
p3D = [-0.19031105628659375, -3.294549294892942, -5.3444913824059057]
p3D = [-0.19895660871730544, -2.6117008288524581, -5.498596316152506]
p3D = [-0.0080882613954142077, -3.2629246886012315, -5.3882586115023106]
p3D = [-0.28063792812821009, -3.0896733501743396, -5.356219503438175]
p3D = [-0.15740047625523657, -2.6647227386807999, -5.4737862842873639]
p3D = [-0.62798962080596687, -3.5171739260111838, -6.5038934096102059]
p3D = [0.03182098210878697, -3.6065316691518787, -5.201995111766486]
p3D = [-0.49920779036714974, -3.5660492672887232, -5.5442548965034648]
p3D = [-0.011558116983422486, -3.1231045823325396, -5.4033423729913617]
p3D = [-0.369489834540638, -3.5209099972265512, -6.5169243225866067]
p3D = [-0.65924581880158117, -3.5578043316748675, -5.7305036733598538]
p3D = [-0.54963868784886405, -3.5848029112468738, -5.3065517355193483]
#Camera3 (of 5)
id = 2
P  = 
 [2921.880028521476, -120.3269989075847, 1374.606961577276, 6304.63576019498;
  411.5970471327885, 2272.696632081344, -1032.788145813822, -175.2545940341518;
  -0.3420542617755453, 0.01785877518006552, 0.939510482192857, -0.07184292778112145]
K  = 
 [3217.328669180762, -78.60664100822618, 289.8672403229193;
  0, 2292.424143977958, -1070.516234777778;
  0, 0, 1]
C  = 
 [0.9394712778815763, -0.0145828831552921, 0.3423171885173709, 1.9633723174416;
  0.0198141372949944, 0.9997341665002487, -0.01178966900757346, -0.1099986733433368;
  -0.3420542617755453, 0.01785877518006552, 0.939510482192857, -0.07184292778112145]
R  = 
 [0.9394712778815763, -0.0145828831552921, 0.3423171885173709;
  0.0198141372949944, 0.9997341665002487, -0.01178966900757346;
  -0.3420542617755453, 0.01785877518006552, 0.939510482192857]
t  = [1.9633723174416; -0.1099986733433368; -0.07184292778112145]
 #image points (15)
p2D = [393, 462]
p2D = [437, 160]
p2D = [113, 336]
p2D = [232, 213]
p2D = [191, 428]
p2D = [324, 160]
p2D = [153, 425]
p2D = [350, 44]
p2D = [379, 21]
p2D = [236, 300]
p2D = [387, 260]
p2D = [165, 489]
p2D = [244, 238]
p2D = [605, 188]
p2D = [653, 399]
 #visible 3D-points (15)
p3D = [-0.30321756111173109, -3.5758216275680343, -5.3826165925006535]
p3D = [-0.26621560912387138, -3.0219754585520961, -5.6687782441186663]
p3D = [0.1678768695539854, -3.3247258557529471, -5.2765962396474082]
p3D = [0.009127254565474972, -3.0614168414476084, -5.3926316658741875]
p3D = [0.038962622330038353, -3.5447218570573993, -5.3284430748869251]
p3D = [-0.15534063781437446, -2.8887990135985637, -5.3722274765729185]
p3D = [0.10278273050239163, -3.5479205149080966, -5.3186298909899348]
p3D = [-0.15740047625523657, -2.6647227386807999, -5.4737862842873639]
p3D = [-0.19895660871730544, -2.6117008288524581, -5.498596316152506]
p3D = [-0.0080882613954142077, -3.2629246886012315, -5.3882586115023106]
p3D = [-0.28063792812821009, -3.0896733501743396, -5.356219503438175]
p3D = [0.03182098210878697, -3.6065316691518787, -5.201995111766486]
p3D = [-0.011558116983422486, -3.1231045823325396, -5.4033423729913617]
p3D = [-0.369489834540638, -3.5209099972265512, -6.5169243225866067]
p3D = [-0.65924581880158117, -3.5578043316748675, -5.7305036733598538]
#Camera4 (of 5)
id = 3
P  = 
 [2637.300227459066, -121.3205163346104, 1863.151799804873, 8779.208899838244;
  582.4918492707075, 2275.75673798713, -939.5999041375187, -60.76501615915151;
  -0.5007923010295007, 0.0150959133061614, 0.8654358350744617, -0.647520908483376]
K  = 
 [3217.328669180762, -78.60664100822618, 289.8672403229193;
  0, 2292.424143977958, -1070.516234777778;
  0, 0, 1]
C  = 
 [0.8653309453543407, -0.01464167180654974, 0.5009870022853608, 2.779029523771071;
  0.02023428382080107, 0.9997788429688649, -0.005730524417287009, -0.328886198057732;
  -0.5007923010295007, 0.0150959133061614, 0.8654358350744617, -0.647520908483376]
R  = 
 [0.8653309453543407, -0.01464167180654974, 0.5009870022853608;
  0.02023428382080107, 0.9997788429688649, -0.005730524417287009;
  -0.5007923010295007, 0.0150959133061614, 0.8654358350744617]
t  = [2.779029523771071; -0.328886198057732; -0.647520908483376]
 #image points (6)
p2D = [379, 465]
p2D = [112, 316]
p2D = [187, 415]
p2D = [233, 204]
p2D = [350, 44]
p2D = [661, 425]
 #visible 3D-points (6)
p3D = [-0.30321756111173109, -3.5758216275680343, -5.3826165925006535]
p3D = [0.1678768695539854, -3.3247258557529471, -5.2765962396474082]
p3D = [0.038962622330038353, -3.5447218570573993, -5.3284430748869251]
p3D = [0.009127254565474972, -3.0614168414476084, -5.3926316658741875]
p3D = [-0.15740047625523657, -2.6647227386807999, -5.4737862842873639]
p3D = [-0.65924581880158117, -3.5578043316748675, -5.7305036733598538]
#Camera5 (of 5)
id = 4
P  = 
 [2389.252348987925, -248.3452489539748, 2161.296748883213, 11131.77458184827;
  641.8761548437537, 2354.940594691042, -665.9303733387342, 236.5343143147156;
  -0.6039931303123645, -0.0653411886960214, 0.7943065073353371, -1.368343693358933]
K  = 
 [3217.328669180762, -78.60664100822618, 289.8672403229193;
  0, 2292.424143977958, -1070.516234777778;
  0, 0, 1]
C  = 
 [0.796986875822257, -0.04694987889373296, 0.6021691030258378, 3.570134010065474;
  -0.002053850663827146, 0.9967578632404435, 0.08043347416216684, -0.5358082741400485;
  -0.6039931303123645, -0.0653411886960214, 0.7943065073353371, -1.368343693358933]
R  = 
 [0.796986875822257, -0.04694987889373296, 0.6021691030258378;
  -0.002053850663827146, 0.9967578632404435, 0.08043347416216684;
  -0.6039931303123645, -0.0653411886960214, 0.7943065073353371]
t  = [3.570134010065474; -0.5358082741400485; -1.368343693358933]
 #image points (2)
p2D = [363, 466]
p2D = [660, 452]
 #visible 3D-points (2)
p3D = [-0.30321756111173109, -3.5758216275680343, -5.3826165925006535]
p3D = [-0.65924581880158117, -3.5578043316748675, -5.7305036733598538]

#Camera pair (4)
C1.id = 0
C2.id = 1
 F = 
 [9.017878109002607e-008, 3.268002657048848e-007, -0.001034112237990777;
  -3.748305101478123e-006, 1.766570117043724e-007, 0.04970145931543898;
  -0.001864026539447874, -0.04848735277609469, 1]
 E = 
 [0.9334589383902046, 2.387502930950677, -4.368544699078871;
  -27.66836302819808, 1.545480992896405, 111.1192851129254;
  6.996836616671913, -111.5408983961891, 0.1319495713825134]
 #point pairs (31)
p2D 1 = [403, 73]
p2D 2 = [405, 76]
p2D 1 = [309, 289]
p2D 2 = [298, 286]
p2D 1 = [308, 204]
p2D 2 = [300, 201]
p2D 1 = [279, 348]
p2D 2 = [271, 342]
p2D 1 = [399, 152]
p2D 2 = [419, 155]
p2D 1 = [312, 149]
p2D 2 = [307, 147]
p2D 1 = [253, 175]
p2D 2 = [248, 168]
p2D 1 = [437, 284]
p2D 2 = [425, 290]
p2D 1 = [168, 379]
p2D 2 = [154, 363]
p2D 1 = [334, 326]
p2D 2 = [322, 324]
p2D 1 = [341, 162]
p2D 2 = [331, 161]
p2D 1 = [286, 388]
p2D 2 = [277, 382]
p2D 1 = [138, 374]
p2D 2 = [122, 356]
p2D 1 = [240, 231]
p2D 2 = [234, 222]
p2D 1 = [408, 31]
p2D 2 = [411, 35]
p2D 1 = [175, 459]
p2D 2 = [162, 442]
p2D 1 = [214, 455]
p2D 2 = [200, 440]
p2D 1 = [375, 391]
p2D 2 = [362, 393]
p2D 1 = [419, 452]
p2D 2 = [407, 458]
p2D 1 = [356, 343]
p2D 2 = [342, 342]
p2D 1 = [369, 18]
p2D 2 = [374, 20]
p2D 1 = [247, 317]
p2D 2 = [240, 309]
p2D 1 = [413, 252]
p2D 2 = [401, 256]
p2D 1 = [344, 46]
p2D 2 = [347, 45]
p2D 1 = [558, 169]
p2D 2 = [647, 186]
p2D 1 = [216, 519]
p2D 2 = [187, 505]
p2D 1 = [529, 404]
p2D 2 = [534, 419]
p2D 1 = [251, 255]
p2D 2 = [247, 246]
p2D 1 = [430, 168]
p2D 2 = [518, 175]
p2D 1 = [611, 353]
p2D 2 = [636, 375]
p2D 1 = [570, 478]
p2D 2 = [550, 497]
 #point 3Ds (31)
p3D = [-0.25922225999893977, -2.7305562837570423, -5.475547476648905]
p3D = [-0.10960810324043964, -3.17981701128042, -5.3602004882716825]
p3D = [-0.10343683556165711, -2.9916180537674326, -5.3798895316144106]
p3D = [-0.06332640813051138, -3.3360261928665134, -5.3902913637975924]
p3D = [-0.26621560912387138, -3.0219754585520961, -5.6687782441186663]
p3D = [-0.10748061765357642, -2.875777788228659, -5.403789575972846]
p3D = [-0.0098219288523951152, -2.9316300825220662, -5.3950338425839339]
p3D = [-0.32270399446030584, -3.1689155366432527, -5.363935225158678]
p3D = [0.11900292355714949, -3.3552464628066954, -5.3060986612055245]
p3D = [-0.15326313277751358, -3.2644435747123057, -5.3587449464736547]
p3D = [-0.15534063781437446, -2.8887990135985637, -5.3722274765729185]
p3D = [-0.077269449566981799, -3.4271991075043919, -5.3863679905679787]
p3D = [0.1678768695539854, -3.3247258557529471, -5.2765962396474082]
p3D = [0.009127254565474972, -3.0614168414476084, -5.3926316658741875]
p3D = [-0.26559633787737263, -2.6336782563227832, -5.4809139434438849]
p3D = [0.10278273050239163, -3.5479205149080966, -5.3186298909899348]
p3D = [0.038962622330038353, -3.5447218570573993, -5.3284430748869251]
p3D = [-0.22543515877130876, -3.4189255338078208, -5.3613938914955543]
p3D = [-0.30321756111173109, -3.5758216275680343, -5.3826165925006535]
p3D = [-0.19031105628659375, -3.294549294892942, -5.3444913824059057]
p3D = [-0.19895660871730544, -2.6117008288524581, -5.498596316152506]
p3D = [-0.0080882613954142077, -3.2629246886012315, -5.3882586115023106]
p3D = [-0.28063792812821009, -3.0896733501743396, -5.356219503438175]
p3D = [-0.15740047625523657, -2.6647227386807999, -5.4737862842873639]
p3D = [-0.62798962080596687, -3.5171739260111838, -6.5038934096102059]
p3D = [0.03182098210878697, -3.6065316691518787, -5.201995111766486]
p3D = [-0.49920779036714974, -3.5660492672887232, -5.5442548965034648]
p3D = [-0.011558116983422486, -3.1231045823325396, -5.4033423729913617]
p3D = [-0.369489834540638, -3.5209099972265512, -6.5169243225866067]
p3D = [-0.65924581880158117, -3.5578043316748675, -5.7305036733598538]
p3D = [-0.54963868784886405, -3.5848029112468738, -5.3065517355193483]
C1.id = 1
C2.id = 2
 F = 
 [-3.329451080455589e-007, -4.780839708062647e-006, 0.0006472907104547694;
  2.426306943961598e-006, 2.399181901561988e-007, 0.04548083513877567;
  -0.003382662960251132, -0.04472885165640961, 1]
 E = 
 [-3.446382656116798, -35.17679388113188, 18.23822338087481;
  17.97938594812958, 1.683049075536482, 104.8392633103564;
  -19.55033514206031, -105.8254797696271, 0.3796964435358845]
 #point pairs (15)
p2D 1 = [407, 458]
p2D 2 = [393, 462]
p2D 1 = [419, 155]
p2D 2 = [437, 160]
p2D 1 = [122, 356]
p2D 2 = [113, 336]
p2D 1 = [234, 222]
p2D 2 = [232, 213]
p2D 1 = [200, 440]
p2D 2 = [191, 428]
p2D 1 = [331, 161]
p2D 2 = [324, 160]
p2D 1 = [162, 442]
p2D 2 = [153, 425]
p2D 1 = [347, 45]
p2D 2 = [350, 44]
p2D 1 = [374, 20]
p2D 2 = [379, 21]
p2D 1 = [240, 309]
p2D 2 = [236, 300]
p2D 1 = [401, 256]
p2D 2 = [387, 260]
p2D 1 = [187, 505]
p2D 2 = [165, 489]
p2D 1 = [247, 246]
p2D 2 = [244, 238]
p2D 1 = [518, 175]
p2D 2 = [605, 188]
p2D 1 = [636, 375]
p2D 2 = [653, 399]
 #point 3Ds (15)
p3D = [-0.30321756111173109, -3.5758216275680343, -5.3826165925006535]
p3D = [-0.26621560912387138, -3.0219754585520961, -5.6687782441186663]
p3D = [0.1678768695539854, -3.3247258557529471, -5.2765962396474082]
p3D = [0.009127254565474972, -3.0614168414476084, -5.3926316658741875]
p3D = [0.038962622330038353, -3.5447218570573993, -5.3284430748869251]
p3D = [-0.15534063781437446, -2.8887990135985637, -5.3722274765729185]
p3D = [0.10278273050239163, -3.5479205149080966, -5.3186298909899348]
p3D = [-0.15740047625523657, -2.6647227386807999, -5.4737862842873639]
p3D = [-0.19895660871730544, -2.6117008288524581, -5.498596316152506]
p3D = [-0.0080882613954142077, -3.2629246886012315, -5.3882586115023106]
p3D = [-0.28063792812821009, -3.0896733501743396, -5.356219503438175]
p3D = [0.03182098210878697, -3.6065316691518787, -5.201995111766486]
p3D = [-0.011558116983422486, -3.1231045823325396, -5.4033423729913617]
p3D = [-0.369489834540638, -3.5209099972265512, -6.5169243225866067]
p3D = [-0.65924581880158117, -3.5578043316748675, -5.7305036733598538]
C1.id = 2
C2.id = 3
 F = 
 [-6.468803985283239e-007, -8.042443821427911e-006, 0.001984856084599536;
  7.04883622653418e-006, -2.341998538963835e-007, 0.03976037980725679;
  -0.004698508750451652, -0.03921072217012458, 1]
 E = 
 [-6.69599081709552, -59.15330074832188, 33.48246060394779;
  52.15216240024729, -1.055718277294809, 95.58828890943703;
  -39.99754625711901, -93.67982398556359, -0.3894395070556911]
 #point pairs (6)
p2D 1 = [393, 462]
p2D 2 = [379, 465]
p2D 1 = [113, 336]
p2D 2 = [112, 316]
p2D 1 = [191, 428]
p2D 2 = [187, 415]
p2D 1 = [232, 213]
p2D 2 = [233, 204]
p2D 1 = [350, 44]
p2D 2 = [350, 44]
p2D 1 = [653, 399]
p2D 2 = [661, 425]
 #point 3Ds (6)
p3D = [-0.30321756111173109, -3.5758216275680343, -5.3826165925006535]
p3D = [0.1678768695539854, -3.3247258557529471, -5.2765962396474082]
p3D = [0.038962622330038353, -3.5447218570573993, -5.3284430748869251]
p3D = [0.009127254565474972, -3.0614168414476084, -5.3926316658741875]
p3D = [-0.15740047625523657, -2.6647227386807999, -5.4737862842873639]
p3D = [-0.65924581880158117, -3.5578043316748675, -5.7305036733598538]
C1.id = 3
C2.id = 4
 F = 
 [-5.568563195683095e-007, -7.605243679045729e-006, 0.001485128898931388;
  4.918426946267493e-006, 2.965580501494256e-008, 0.04671285739214248;
  -0.004183170585770728, -0.04573355470736887, 1]
 E = 
 [-5.764133231976029, -55.95150639823513, 30.45282443985493;
  36.41659987508638, 0.636570354892312, 109.5371609868082;
  -30.91801658856229, -109.2117595609608, -0.009496751531109737]
 #point pairs (2)
p2D 1 = [379, 465]
p2D 2 = [363, 466]
p2D 1 = [661, 425]
p2D 2 = [660, 452]
 #point 3Ds (2)
p3D = [-0.30321756111173109, -3.5758216275680343, -5.3826165925006535]
p3D = [-0.65924581880158117, -3.5578043316748675, -5.7305036733598538]
