#Unique 3D-points (31)
p3D = [-0.26097466919790763, -2.7490571013178151, -5.5121992802064694]
  C1.id = 0
  C2.id = 1
   p2D1 = [403, 73]
   p2D2 = [405, 76]
p3D = [-0.10952706527431183, -3.1776151036543925, -5.3565523579344658]
  C1.id = 0
  C2.id = 1
   p2D1 = [309, 289]
   p2D2 = [298, 286]
p3D = [-0.10373661890743714, -3.0004608098777386, -5.3960125670857941]
  C1.id = 0
  C2.id = 1
   p2D1 = [308, 204]
   p2D2 = [300, 201]
p3D = [-0.062954909097177436, -3.3166357606767427, -5.3589982920174686]
  C1.id = 0
  C2.id = 1
   p2D1 = [279, 348]
   p2D2 = [271, 342]
p3D = [-0.2642661311955381, -3.0014509938228464, -5.6298078351137502]
  C1.id = 0
  C2.id = 1
   p2D1 = [399, 152]
   p2D2 = [419, 155]
p3D = [-0.10799258569224837, -2.8897200886583403, -5.4303000247596467]
  C1.id = 0
  C2.id = 1
   p2D1 = [312, 149]
   p2D2 = [307, 147]
p3D = [-0.0098288762924765641, -2.9402997746630462, -5.4116283012044164]
  C1.id = 0
  C2.id = 1
   p2D1 = [253, 175]
   p2D2 = [248, 168]
p3D = [-0.32296884543802973, -3.1715508602256741, -5.368154618836285]
  C1.id = 0
  C2.id = 1
   p2D1 = [437, 284]
   p2D2 = [425, 290]
p3D = [0.11840188186338217, -3.3384479584313578, -5.2794412176496381]
  C1.id = 0
  C2.id = 1
   p2D1 = [168, 379]
   p2D2 = [154, 363]
p3D = [-0.1529127855738821, -3.2569727730916611, -5.3464578313819402]
  C1.id = 0
  C2.id = 1
   p2D1 = [334, 326]
   p2D2 = [322, 324]
p3D = [-0.15665854781719013, -2.9015077952226949, -5.3968722518465837]
  C1.id = 0
  C2.id = 1
   p2D1 = [341, 162]
   p2D2 = [331, 161]
p3D = [-0.076677656386076376, -3.4009296863129186, -5.3450352342177672]
  C1.id = 0
  C2.id = 1
   p2D1 = [286, 388]
   p2D2 = [277, 382]
p3D = [0.16713547664266371, -3.3127910550299529, -5.2561474797554819]
  C1.id = 0
  C2.id = 1
   p2D1 = [138, 374]
   p2D2 = [122, 356]
p3D = [0.0088102086940554467, -3.0590411439997447, -5.3890402086576659]
  C1.id = 0
  C2.id = 1
   p2D1 = [240, 231]
   p2D2 = [234, 222]
p3D = [-0.26796156216561312, -2.6572572041068891, -5.5293834174330838]
  C1.id = 0
  C2.id = 1
   p2D1 = [408, 31]
   p2D2 = [411, 35]
p3D = [0.10230818453981723, -3.5173607451683955, -5.272228981525986]
  C1.id = 0
  C2.id = 1
   p2D1 = [175, 459]
   p2D2 = [162, 442]
p3D = [0.038783102052217411, -3.5104471363968179, -5.2782471329133518]
  C1.id = 0
  C2.id = 1
   p2D1 = [214, 455]
   p2D2 = [200, 440]
p3D = [-0.22419302148052522, -3.4001334158068879, -5.3318885389167159]
  C1.id = 0
  C2.id = 1
   p2D1 = [375, 391]
   p2D2 = [362, 393]
p3D = [-0.30052922635093909, -3.5414336593183844, -5.3309467590223489]
  C1.id = 0
  C2.id = 1
   p2D1 = [419, 452]
   p2D2 = [407, 458]
p3D = [-0.18989362386390798, -3.2872576215584104, -5.3325968372965242]
  C1.id = 0
  C2.id = 1
   p2D1 = [356, 343]
   p2D2 = [342, 342]
p3D = [-0.20067816551167805, -2.6326837232679119, -5.5427456215475432]
  C1.id = 0
  C2.id = 1
   p2D1 = [369, 18]
   p2D2 = [374, 20]
p3D = [-0.0079151592559603551, -3.2481489669039374, -5.3649653684385648]
  C1.id = 0
  C2.id = 1
   p2D1 = [247, 317]
   p2D2 = [240, 309]
p3D = [-0.28134113469688465, -3.0993265605633313, -5.372928384555447]
  C1.id = 0
  C2.id = 1
   p2D1 = [413, 252]
   p2D2 = [401, 256]
p3D = [-0.15845414365511651, -2.6866624007929221, -5.5180953964027193]
  C1.id = 0
  C2.id = 1
   p2D1 = [344, 46]
   p2D2 = [347, 45]
p3D = [-0.59881790985297112, -3.3540055341278507, -6.2015991164623472]
  C1.id = 0
  C2.id = 1
   p2D1 = [558, 169]
   p2D2 = [647, 186]
p3D = [0.031051954209910908, -3.5806371058964035, -5.163537895486253]
  C1.id = 0
  C2.id = 1
   p2D1 = [216, 519]
   p2D2 = [187, 505]
p3D = [-0.49204959940537085, -3.514791547546233, -5.4649225158145613]
  C1.id = 0
  C2.id = 1
   p2D1 = [529, 404]
   p2D2 = [534, 419]
p3D = [-0.010970062526046351, -3.121779406547132, -5.4012856856409952]
  C1.id = 0
  C2.id = 1
   p2D1 = [251, 255]
   p2D2 = [247, 246]
p3D = [-0.35202480331902569, -3.3508643893786192, -6.2027793029636991]
  C1.id = 0
  C2.id = 1
   p2D1 = [430, 168]
   p2D2 = [518, 175]
p3D = [-0.64582516670165568, -3.4875398790664249, -5.6167541208060703]
  C1.id = 0
  C2.id = 1
   p2D1 = [611, 353]
   p2D2 = [636, 375]
p3D = [-0.54630956282419441, -3.5628907021425711, -5.274133421812393]
  C1.id = 0
  C2.id = 1
   p2D1 = [570, 478]
   p2D2 = [550, 497]

#Camera1 (of 4)
id = 0
P  = 
 [3217.328669180762, -78.60664100822618, 289.8672403229193, 0;
  0, 2292.424143977958, -1070.516234777778, 0;
  0, 0, 1, 0]
K  = 
 [3217.328669180762, -78.60664100822618, 289.8672403229193;
  0, 2292.424143977958, -1070.516234777778;
  0, 0, 1]
C  = 
 [1, 0, 0, 0;
  0, 1, 0, 0;
  0, 0, 1, 0]
R  = 
 [1, 0, 0;
  0, 1, 0;
  0, 0, 1]
t  = [0; 0; 0]
 #image points (31)
p2D = [403, 73]
p2D = [309, 289]
p2D = [308, 204]
p2D = [279, 348]
p2D = [399, 152]
p2D = [312, 149]
p2D = [253, 175]
p2D = [437, 284]
p2D = [168, 379]
p2D = [334, 326]
p2D = [341, 162]
p2D = [286, 388]
p2D = [138, 374]
p2D = [240, 231]
p2D = [408, 31]
p2D = [175, 459]
p2D = [214, 455]
p2D = [375, 391]
p2D = [419, 452]
p2D = [356, 343]
p2D = [369, 18]
p2D = [247, 317]
p2D = [413, 252]
p2D = [344, 46]
p2D = [558, 169]
p2D = [216, 519]
p2D = [529, 404]
p2D = [251, 255]
p2D = [430, 168]
p2D = [611, 353]
p2D = [570, 478]
 #visible 3D-points (31)
p3D = [-0.26097466919790763, -2.7490571013178151, -5.5121992802064694]
p3D = [-0.10952706527431183, -3.1776151036543925, -5.3565523579344658]
p3D = [-0.10373661890743714, -3.0004608098777386, -5.3960125670857941]
p3D = [-0.062954909097177436, -3.3166357606767427, -5.3589982920174686]
p3D = [-0.2642661311955381, -3.0014509938228464, -5.6298078351137502]
p3D = [-0.10799258569224837, -2.8897200886583403, -5.4303000247596467]
p3D = [-0.0098288762924765641, -2.9402997746630462, -5.4116283012044164]
p3D = [-0.32296884543802973, -3.1715508602256741, -5.368154618836285]
p3D = [0.11840188186338217, -3.3384479584313578, -5.2794412176496381]
p3D = [-0.1529127855738821, -3.2569727730916611, -5.3464578313819402]
p3D = [-0.15665854781719013, -2.9015077952226949, -5.3968722518465837]
p3D = [-0.076677656386076376, -3.4009296863129186, -5.3450352342177672]
p3D = [0.16713547664266371, -3.3127910550299529, -5.2561474797554819]
p3D = [0.0088102086940554467, -3.0590411439997447, -5.3890402086576659]
p3D = [-0.26796156216561312, -2.6572572041068891, -5.5293834174330838]
p3D = [0.10230818453981723, -3.5173607451683955, -5.272228981525986]
p3D = [0.038783102052217411, -3.5104471363968179, -5.2782471329133518]
p3D = [-0.22419302148052522, -3.4001334158068879, -5.3318885389167159]
p3D = [-0.30052922635093909, -3.5414336593183844, -5.3309467590223489]
p3D = [-0.18989362386390798, -3.2872576215584104, -5.3325968372965242]
p3D = [-0.20067816551167805, -2.6326837232679119, -5.5427456215475432]
p3D = [-0.0079151592559603551, -3.2481489669039374, -5.3649653684385648]
p3D = [-0.28134113469688465, -3.0993265605633313, -5.372928384555447]
p3D = [-0.15845414365511651, -2.6866624007929221, -5.5180953964027193]
p3D = [-0.59881790985297112, -3.3540055341278507, -6.2015991164623472]
p3D = [0.031051954209910908, -3.5806371058964035, -5.163537895486253]
p3D = [-0.49204959940537085, -3.514791547546233, -5.4649225158145613]
p3D = [-0.010970062526046351, -3.121779406547132, -5.4012856856409952]
p3D = [-0.35202480331902569, -3.3508643893786192, -6.2027793029636991]
p3D = [-0.64582516670165568, -3.4875398790664249, -5.6167541208060703]
p3D = [-0.54630956282419441, -3.5628907021425711, -5.274133421812393]
#Camera2 (of 4)
id = 1
P  = 
 [3075.424361807128, -6.300014729945767, 991.5296723613969, 3181.693971428552;
  188.5093118734461, 2287.300611697434, -1064.863191157158, -117.3582932540771;
  -0.220224473064556, 0.004244420414496119, 0.9754399860364469, 0.2403690369333234]
K  = 
 [3217.328669180762, -78.60664100822618, 289.8672403229193;
  0, 2292.424143977958, -1070.516234777778;
  0, 0, 1]
C  = 
 [0.9752314857071192, 0.02208553541448785, 0.2200812995484633, 0.9687596133528493;
  -0.02060899679566315, 0.9997470750248787, -0.009003067825798855, 0.06105356353387399;
  -0.220224473064556, 0.004244420414496119, 0.9754399860364469, 0.2403690369333234]
R  = 
 [0.9752314857071192, 0.02208553541448785, 0.2200812995484633;
  -0.02060899679566315, 0.9997470750248787, -0.009003067825798855;
  -0.220224473064556, 0.004244420414496119, 0.9754399860364469]
t  = [0.9687596133528493; 0.06105356353387399; 0.2403690369333234]
 #image points (31)
p2D = [405, 76]
p2D = [298, 286]
p2D = [300, 201]
p2D = [271, 342]
p2D = [419, 155]
p2D = [307, 147]
p2D = [248, 168]
p2D = [425, 290]
p2D = [154, 363]
p2D = [322, 324]
p2D = [331, 161]
p2D = [277, 382]
p2D = [122, 356]
p2D = [234, 222]
p2D = [411, 35]
p2D = [162, 442]
p2D = [200, 440]
p2D = [362, 393]
p2D = [407, 458]
p2D = [342, 342]
p2D = [374, 20]
p2D = [240, 309]
p2D = [401, 256]
p2D = [347, 45]
p2D = [647, 186]
p2D = [187, 505]
p2D = [534, 419]
p2D = [247, 246]
p2D = [518, 175]
p2D = [636, 375]
p2D = [550, 497]
 #visible 3D-points (31)
p3D = [-0.26097466919790763, -2.7490571013178151, -5.5121992802064694]
p3D = [-0.10952706527431183, -3.1776151036543925, -5.3565523579344658]
p3D = [-0.10373661890743714, -3.0004608098777386, -5.3960125670857941]
p3D = [-0.062954909097177436, -3.3166357606767427, -5.3589982920174686]
p3D = [-0.2642661311955381, -3.0014509938228464, -5.6298078351137502]
p3D = [-0.10799258569224837, -2.8897200886583403, -5.4303000247596467]
p3D = [-0.0098288762924765641, -2.9402997746630462, -5.4116283012044164]
p3D = [-0.32296884543802973, -3.1715508602256741, -5.368154618836285]
p3D = [0.11840188186338217, -3.3384479584313578, -5.2794412176496381]
p3D = [-0.1529127855738821, -3.2569727730916611, -5.3464578313819402]
p3D = [-0.15665854781719013, -2.9015077952226949, -5.3968722518465837]
p3D = [-0.076677656386076376, -3.4009296863129186, -5.3450352342177672]
p3D = [0.16713547664266371, -3.3127910550299529, -5.2561474797554819]
p3D = [0.0088102086940554467, -3.0590411439997447, -5.3890402086576659]
p3D = [-0.26796156216561312, -2.6572572041068891, -5.5293834174330838]
p3D = [0.10230818453981723, -3.5173607451683955, -5.272228981525986]
p3D = [0.038783102052217411, -3.5104471363968179, -5.2782471329133518]
p3D = [-0.22419302148052522, -3.4001334158068879, -5.3318885389167159]
p3D = [-0.30052922635093909, -3.5414336593183844, -5.3309467590223489]
p3D = [-0.18989362386390798, -3.2872576215584104, -5.3325968372965242]
p3D = [-0.20067816551167805, -2.6326837232679119, -5.5427456215475432]
p3D = [-0.0079151592559603551, -3.2481489669039374, -5.3649653684385648]
p3D = [-0.28134113469688465, -3.0993265605633313, -5.372928384555447]
p3D = [-0.15845414365511651, -2.6866624007929221, -5.5180953964027193]
p3D = [-0.59881790985297112, -3.3540055341278507, -6.2015991164623472]
p3D = [0.031051954209910908, -3.5806371058964035, -5.163537895486253]
p3D = [-0.49204959940537085, -3.514791547546233, -5.4649225158145613]
p3D = [-0.010970062526046351, -3.121779406547132, -5.4012856856409952]
p3D = [-0.35202480331902569, -3.3508643893786192, -6.2027793029636991]
p3D = [-0.64582516670165568, -3.4875398790664249, -5.6167541208060703]
p3D = [-0.54630956282419441, -3.5628907021425711, -5.274133421812393]
#Camera3 (of 4)
id = 2
P  = 
 [2887.331127178969, -34.4136064331904, 1450.358732269765, 6304.63576019498;
  389.7281032939707, 2263.846995172183, -1060.340630537484, -175.2545940341518;
  -0.3664872912114843, 0.02584051624318986, 0.9300641553681951, -0.07184292778112145]
K  = 
 [3217.328669180762, -78.60664100822618, 289.8672403229193;
  0, 2292.424143977958, -1070.516234777778;
  0, 0, 1]
C  = 
 [0.9304223646123265, 0.01139807670515247, 0.3663117624055093, 1.9633723174416;
  -0.001135257537088466, 0.9996010962217423, -0.02821984448248399, -0.1099986733433368;
  -0.3664872912114843, 0.02584051624318986, 0.9300641553681951, -0.07184292778112145]
R  = 
 [0.9304223646123265, 0.01139807670515247, 0.3663117624055093;
  -0.001135257537088466, 0.9996010962217423, -0.02821984448248399;
  -0.3664872912114843, 0.02584051624318986, 0.9300641553681951]
t  = [1.9633723174416; -0.1099986733433368; -0.07184292778112145]
 #image points (0)
 #visible 3D-points (0)
#Camera4 (of 4)
id = 3
P  = 
 [2779.10825728573, -229.3843495722475, 1632.588711529352, 8779.208899838244;
  604.6769357607084, 2237.057403309342, -1015.457257827119, -60.76501615915151;
  -0.4233564970000144, 0.046591206863422, 0.9047643537910226, -0.647520908483376]
K  = 
 [3217.328669180762, -78.60664100822618, 289.8672403229193;
  0, 2292.424143977958, -1070.516234777778;
  0, 0, 1]
C  = 
 [0.9035505844327304, -0.051120430665849, 0.42542101845091, 2.779029523771071;
  0.06607282209159966, 0.9976051127633359, -0.02045534573904523, -0.328886198057732;
  -0.4233564970000144, 0.046591206863422, 0.9047643537910226, -0.647520908483376]
R  = 
 [0.9035505844327304, -0.051120430665849, 0.42542101845091;
  0.06607282209159966, 0.9976051127633359, -0.02045534573904523;
  -0.4233564970000144, 0.046591206863422, 0.9047643537910226]
t  = [2.779029523771071; -0.328886198057732; -0.647520908483376]
 #image points (0)
 #visible 3D-points (0)

#Camera pair (3)
C1.id = 0
C2.id = 1
 F = 
 [9.017878109002607e-008, 3.268002657048848e-007, -0.001034112237990777;
  -3.748305101478123e-006, 1.766570117043724e-007, 0.04970145931543898;
  -0.001864026539447874, -0.04848735277609469, 1]
 E = 
 [0.9334589383902046, 2.387502930950677, -4.368544699078871;
  -27.66836302819808, 1.545480992896405, 111.1192851129254;
  6.996836616671913, -111.5408983961891, 0.1319495713825134]
 #point pairs (31)
p2D 1 = [403, 73]
p2D 2 = [405, 76]
p2D 1 = [309, 289]
p2D 2 = [298, 286]
p2D 1 = [308, 204]
p2D 2 = [300, 201]
p2D 1 = [279, 348]
p2D 2 = [271, 342]
p2D 1 = [399, 152]
p2D 2 = [419, 155]
p2D 1 = [312, 149]
p2D 2 = [307, 147]
p2D 1 = [253, 175]
p2D 2 = [248, 168]
p2D 1 = [437, 284]
p2D 2 = [425, 290]
p2D 1 = [168, 379]
p2D 2 = [154, 363]
p2D 1 = [334, 326]
p2D 2 = [322, 324]
p2D 1 = [341, 162]
p2D 2 = [331, 161]
p2D 1 = [286, 388]
p2D 2 = [277, 382]
p2D 1 = [138, 374]
p2D 2 = [122, 356]
p2D 1 = [240, 231]
p2D 2 = [234, 222]
p2D 1 = [408, 31]
p2D 2 = [411, 35]
p2D 1 = [175, 459]
p2D 2 = [162, 442]
p2D 1 = [214, 455]
p2D 2 = [200, 440]
p2D 1 = [375, 391]
p2D 2 = [362, 393]
p2D 1 = [419, 452]
p2D 2 = [407, 458]
p2D 1 = [356, 343]
p2D 2 = [342, 342]
p2D 1 = [369, 18]
p2D 2 = [374, 20]
p2D 1 = [247, 317]
p2D 2 = [240, 309]
p2D 1 = [413, 252]
p2D 2 = [401, 256]
p2D 1 = [344, 46]
p2D 2 = [347, 45]
p2D 1 = [558, 169]
p2D 2 = [647, 186]
p2D 1 = [216, 519]
p2D 2 = [187, 505]
p2D 1 = [529, 404]
p2D 2 = [534, 419]
p2D 1 = [251, 255]
p2D 2 = [247, 246]
p2D 1 = [430, 168]
p2D 2 = [518, 175]
p2D 1 = [611, 353]
p2D 2 = [636, 375]
p2D 1 = [570, 478]
p2D 2 = [550, 497]
 #point 3Ds (31)
p3D = [-0.26097466919790763, -2.7490571013178151, -5.5121992802064694]
p3D = [-0.10952706527431183, -3.1776151036543925, -5.3565523579344658]
p3D = [-0.10373661890743714, -3.0004608098777386, -5.3960125670857941]
p3D = [-0.062954909097177436, -3.3166357606767427, -5.3589982920174686]
p3D = [-0.2642661311955381, -3.0014509938228464, -5.6298078351137502]
p3D = [-0.10799258569224837, -2.8897200886583403, -5.4303000247596467]
p3D = [-0.0098288762924765641, -2.9402997746630462, -5.4116283012044164]
p3D = [-0.32296884543802973, -3.1715508602256741, -5.368154618836285]
p3D = [0.11840188186338217, -3.3384479584313578, -5.2794412176496381]
p3D = [-0.1529127855738821, -3.2569727730916611, -5.3464578313819402]
p3D = [-0.15665854781719013, -2.9015077952226949, -5.3968722518465837]
p3D = [-0.076677656386076376, -3.4009296863129186, -5.3450352342177672]
p3D = [0.16713547664266371, -3.3127910550299529, -5.2561474797554819]
p3D = [0.0088102086940554467, -3.0590411439997447, -5.3890402086576659]
p3D = [-0.26796156216561312, -2.6572572041068891, -5.5293834174330838]
p3D = [0.10230818453981723, -3.5173607451683955, -5.272228981525986]
p3D = [0.038783102052217411, -3.5104471363968179, -5.2782471329133518]
p3D = [-0.22419302148052522, -3.4001334158068879, -5.3318885389167159]
p3D = [-0.30052922635093909, -3.5414336593183844, -5.3309467590223489]
p3D = [-0.18989362386390798, -3.2872576215584104, -5.3325968372965242]
p3D = [-0.20067816551167805, -2.6326837232679119, -5.5427456215475432]
p3D = [-0.0079151592559603551, -3.2481489669039374, -5.3649653684385648]
p3D = [-0.28134113469688465, -3.0993265605633313, -5.372928384555447]
p3D = [-0.15845414365511651, -2.6866624007929221, -5.5180953964027193]
p3D = [-0.59881790985297112, -3.3540055341278507, -6.2015991164623472]
p3D = [0.031051954209910908, -3.5806371058964035, -5.163537895486253]
p3D = [-0.49204959940537085, -3.514791547546233, -5.4649225158145613]
p3D = [-0.010970062526046351, -3.121779406547132, -5.4012856856409952]
p3D = [-0.35202480331902569, -3.3508643893786192, -6.2027793029636991]
p3D = [-0.64582516670165568, -3.4875398790664249, -5.6167541208060703]
p3D = [-0.54630956282419441, -3.5628907021425711, -5.274133421812393]
C1.id = 1
C2.id = 2
 F = 
 [-3.329451080455589e-007, -4.780839708062647e-006, 0.0006472907104547694;
  2.426306943961598e-006, 2.399181901561988e-007, 0.04548083513877567;
  -0.003382662960251132, -0.04472885165640961, 1]
 E = 
 [-3.446382656116798, -35.17679388113188, 18.23822338087481;
  17.97938594812958, 1.683049075536482, 104.8392633103564;
  -19.55033514206031, -105.8254797696271, 0.3796964435358845]
 #point pairs (0)
 #point 3Ds (0)
C1.id = 2
C2.id = 3
 F = 
 [-6.468803985283239e-007, -8.042443821427911e-006, 0.001984856084599536;
  7.04883622653418e-006, -2.341998538963835e-007, 0.03976037980725679;
  -0.004698508750451652, -0.03921072217012458, 1]
 E = 
 [-6.69599081709552, -59.15330074832188, 33.48246060394779;
  52.15216240024729, -1.055718277294809, 95.58828890943703;
  -39.99754625711901, -93.67982398556359, -0.3894395070556911]
 #point pairs (0)
 #point 3Ds (0)
